0.000000000000000000e+00 9.900000000000000000e+01 1.000000000000000021e-02
1.000000000000000000e+00 3.233333333333333570e+01 2.999999999999999889e-02
2.000000000000000000e+00 1.900000000000000000e+01 5.000000000000000278e-02
3.000000000000000000e+00 1.677777777777777857e+01 5.625000000000000139e-02
4.000000000000000000e+00 1.500000000000000000e+01 6.250000000000000000e-02
5.000000000000000000e+00 1.480049660960843916e+01 6.328915000000000235e-02
6.000000000000000000e+00 1.460590714797364953e+01 6.407830000000000470e-02
7.000000000000000000e+00 1.441605227275004886e+01 6.486744999999999317e-02
8.000000000000000000e+00 1.423076126390949447e+01 6.565659999999999552e-02
9.000000000000000000e+00 1.404988283666211757e+01 6.644569999999999643e-02
1.000000000000000000e+01 1.387325016211842765e+01 6.723479999999999734e-02
1.100000000000000000e+01 1.370070467827875405e+01 6.802394999999999969e-02
1.200000000000000000e+01 1.353211670452282966e+01 6.881310000000000204e-02
1.300000000000000000e+01 1.336735163015563366e+01 6.960225000000000439e-02
1.400000000000000000e+01 1.320628088090306385e+01 7.039140000000000674e-02
1.500000000000000000e+01 1.304878158429514912e+01 7.118054999999999521e-02
1.600000000000000000e+01 1.289473625706373738e+01 7.196969999999999756e-02
1.700000000000000000e+01 1.274403251288331163e+01 7.275884999999999991e-02
1.800000000000000000e+01 1.259656278892695802e+01 7.354800000000000226e-02
1.900000000000000000e+01 1.245222408983933171e+01 7.433715000000000461e-02
2.000000000000000000e+01 1.231091774784596282e+01 7.512629999999999308e-02
2.100000000000000000e+01 1.217255787363301955e+01 7.591539999999999400e-02
2.200000000000000000e+01 1.203704476269319379e+01 7.670449999999999491e-02
2.300000000000000000e+01 1.190428312513347997e+01 7.749364999999999726e-02
2.400000000000000000e+01 1.177419816358127136e+01 7.828279999999999961e-02
2.500000000000000000e+01 1.164670973714446056e+01 7.907195000000000196e-02
2.600000000000000000e+01 1.152174087259003343e+01 7.986110000000000431e-02
2.700000000000000000e+01 1.139921760936884709e+01 8.065025000000000666e-02
2.800000000000000000e+01 1.127906885365069023e+01 8.143939999999999513e-02
2.900000000000000000e+01 1.116122624076430903e+01 8.222854999999999748e-02
3.000000000000000000e+01 1.104562400548316781e+01 8.301769999999999983e-02
3.100000000000000000e+01 1.093219885963975457e+01 8.380685000000000218e-02
3.200000000000000000e+01 1.082088987658990931e+01 8.459600000000000453e-02
3.300000000000000000e+01 1.071164524021169839e+01 8.538510000000000544e-02
3.400000000000000000e+01 1.060440131733163582e+01 8.617420000000000635e-02
3.500000000000000000e+01 1.049909703340545164e+01 8.696334999999999482e-02
3.600000000000000000e+01 1.039568673257172193e+01 8.775249999999999717e-02
3.700000000000000000e+01 1.029411977301078096e+01 8.854164999999999952e-02
3.800000000000000000e+01 1.019434730238618769e+01 8.933080000000000187e-02
3.900000000000000000e+01 1.009632217949521582e+01 9.011995000000000422e-02
4.000000000000000000e+01 9.999998900000109714e+00 9.090910000000000657e-02
4.100000000000000000e+01 9.909092892562343380e+00 9.166665000000000230e-02
4.200000000000000000e+01 9.819677097556700929e+00 9.242419999999999802e-02
4.300000000000000000e+01 9.731709411065251558e+00 9.318179999999999519e-02
4.400000000000000000e+01 9.645160603538025512e+00 9.393940000000000623e-02
4.500000000000000000e+01 9.560002196480455794e+00 9.469695000000000196e-02
4.600000000000000000e+01 9.476195464854983541e+00 9.545449999999999768e-02
4.700000000000000000e+01 9.393703078926662897e+00 9.621209999999999485e-02
4.800000000000000000e+01 9.312499677734384917e+00 9.696970000000000589e-02
4.900000000000000000e+01 9.232560519200120552e+00 9.772725000000000162e-02
5.000000000000000000e+01 9.153851152665183122e+00 9.848479999999999734e-02
5.100000000000000000e+01 9.076338339258221311e+00 9.924239999999999451e-02
5.200000000000000000e+01 9.000000000000000000e+00 1.000000000000000056e-01
5.300000000000000000e+01 8.921259920639842633e+00 1.007936499999999985e-01
5.400000000000000000e+01 8.843750153808596082e+00 1.015873000000000054e-01
5.500000000000000000e+01 8.767442087614933044e+00 1.023809499999999983e-01
5.600000000000000000e+01 8.692307990532553319e+00 1.031746000000000052e-01
5.700000000000000000e+01 8.618320977798511251e+00 1.039682499999999982e-01
5.800000000000000000e+01 8.545454979338861889e+00 1.047619000000000050e-01
5.900000000000000000e+01 8.473684709141300786e+00 1.055555499999999980e-01
6.000000000000000000e+01 8.402985635999142389e+00 1.063492000000000048e-01
6.100000000000000000e+01 8.333333955555596972e+00 1.071428499999999978e-01
6.200000000000000000e+01 8.264706563581365018e+00 1.079365000000000047e-01
6.300000000000000000e+01 8.197081030422564751e+00 1.087301499999999976e-01
6.400000000000000000e+01 8.130435576559614574e+00 1.095238000000000045e-01
6.500000000000000000e+01 8.064749049221134669e+00 1.103174499999999975e-01
6.600000000000000000e+01 8.000000900000090454e+00 1.111111000000000043e-01
6.700000000000000000e+01 7.930233887290624395e+00 1.119791499999999995e-01
6.800000000000000000e+01 7.861540206580226453e+00 1.128471999999999947e-01
6.900000000000000000e+01 7.793895277898082341e+00 1.137152500000000038e-01
7.000000000000000000e+01 7.727275266116441443e+00 1.145832999999999990e-01
7.100000000000000000e+01 7.661657052949143676e+00 1.154513499999999943e-01
7.200000000000000000e+01 7.597018210203971833e+00 1.163194000000000033e-01
7.300000000000000000e+01 7.533333333333333215e+00 1.171875000000000000e-01
7.400000000000000000e+01 7.470585046367983040e+00 1.180555999999999967e-01
7.500000000000000000e+01 7.408756374362878816e+00 1.189236500000000057e-01
7.600000000000000000e+01 7.347823764083821985e+00 1.197917000000000010e-01
7.700000000000000000e+01 7.287767876197323247e+00 1.206597499999999962e-01
7.800000000000000000e+01 7.228569923918641393e+00 1.215278000000000053e-01
7.900000000000000000e+01 7.170211653417988273e+00 1.223958500000000005e-01
8.000000000000000000e+01 7.112675325054619080e+00 1.232638999999999957e-01
8.100000000000000000e+01 7.055943695398323001e+00 1.241319500000000048e-01
8.200000000000000000e+01 7.000000000000000000e+00 1.250000000000000000e-01
8.300000000000000000e+01 6.948386358343460856e+00 1.258116999999999985e-01
8.400000000000000000e+01 6.897434439448001164e+00 1.266233999999999971e-01
8.500000000000000000e+01 6.847131598751050596e+00 1.274350999999999956e-01
8.600000000000000000e+01 6.797465511810041328e+00 1.282467999999999941e-01
8.700000000000000000e+01 6.748427166140613664e+00 1.290584499999999912e-01
8.800000000000000000e+01 6.700001771000407835e+00 1.298700999999999883e-01
8.900000000000000000e+01 6.652174977693910307e+00 1.306817999999999869e-01
9.000000000000000000e+01 6.604938647157463372e+00 1.314935000000000132e-01
9.100000000000000000e+01 6.558281911822059662e+00 1.323052000000000117e-01
9.200000000000000000e+01 6.512194169185129056e+00 1.331169000000000102e-01
9.300000000000000000e+01 6.466665073778116835e+00 1.339286000000000088e-01
9.400000000000000000e+01 6.421684529424380727e+00 1.347403000000000073e-01
9.500000000000000000e+01 6.377245402961742471e+00 1.355519500000000044e-01
9.600000000000000000e+01 6.333335288889410108e+00 1.363636000000000015e-01
9.700000000000000000e+01 6.289942139729236992e+00 1.371753000000000000e-01
9.800000000000000000e+01 6.247059505605600194e+00 1.379869999999999985e-01
9.900000000000000000e+01 6.204678429985295729e+00 1.387986999999999971e-01
1.000000000000000000e+02 6.162790164629569745e+00 1.396103999999999956e-01
1.010000000000000000e+02 6.121386163573967920e+00 1.404220999999999941e-01
1.020000000000000000e+02 6.080458077315770815e+00 1.412337999999999927e-01
1.030000000000000000e+02 6.040000225280008017e+00 1.420454499999999898e-01
1.040000000000000000e+02 6.000002100000630278e+00 1.428570999999999869e-01
1.050000000000000000e+02 5.961328082171516662e+00 1.436507499999999937e-01
1.060000000000000000e+02 5.923079053255093207e+00 1.444444000000000006e-01
1.070000000000000000e+02 5.885248046224800689e+00 1.452380500000000074e-01
1.080000000000000000e+02 5.847828245511077938e+00 1.460316999999999865e-01
1.090000000000000000e+02 5.810812982907924251e+00 1.468253499999999934e-01
1.100000000000000000e+02 5.774195733611526826e+00 1.476190000000000002e-01
1.110000000000000000e+02 5.737970112385972321e+00 1.484126500000000071e-01
1.120000000000000000e+02 5.702129869851340516e+00 1.492062999999999862e-01
1.130000000000000000e+02 5.666666666666666963e+00 1.499999999999999944e-01
1.140000000000000000e+02 5.631576783380207729e+00 1.507937000000000027e-01
1.150000000000000000e+02 5.596856531893986464e+00 1.515873500000000096e-01
1.160000000000000000e+02 5.562497949219391558e+00 1.523809999999999887e-01
1.170000000000000000e+02 5.528495413568760064e+00 1.531746499999999955e-01
1.180000000000000000e+02 5.494843419067430901e+00 1.539683000000000024e-01
1.190000000000000000e+02 5.461536572781616528e+00 1.547619500000000092e-01
1.200000000000000000e+02 5.428569591837259622e+00 1.555555999999999883e-01
1.210000000000000000e+02 5.395937300626641786e+00 1.563492499999999952e-01
1.220000000000000000e+02 5.363634628099647195e+00 1.571429000000000020e-01
1.230000000000000000e+02 5.331656605136682714e+00 1.579365500000000089e-01
1.240000000000000000e+02 5.299998362000426511e+00 1.587301999999999880e-01
1.250000000000000000e+02 5.268655125863625166e+00 1.595238499999999948e-01
1.260000000000000000e+02 5.237622218410342256e+00 1.603175000000000017e-01
1.270000000000000000e+02 5.206895053508089788e+00 1.611111500000000085e-01
1.280000000000000000e+02 5.176469134948439077e+00 1.619047999999999876e-01
1.290000000000000000e+02 5.146340054253744078e+00 1.626984499999999945e-01
1.300000000000000000e+02 5.116503488547764711e+00 1.634921000000000013e-01
1.310000000000000000e+02 5.086955198487999930e+00 1.642857500000000082e-01
1.320000000000000000e+02 5.057691026257668199e+00 1.650793999999999873e-01
1.330000000000000000e+02 5.028706893615328077e+00 1.658730499999999941e-01
1.340000000000000000e+02 4.999998800000239996e+00 1.666667000000000010e-01
1.350000000000000000e+02 4.971562820691584506e+00 1.674603500000000078e-01
1.360000000000000000e+02 4.943395105019791735e+00 1.682539999999999869e-01
1.370000000000000000e+02 4.915491874628248326e+00 1.690476499999999938e-01
1.380000000000000000e+02 4.887849421783747594e+00 1.698413000000000006e-01
1.390000000000000000e+02 4.860464107734083328e+00 1.706349500000000075e-01
1.400000000000000000e+02 4.833332361111273734e+00 1.714285999999999865e-01
1.410000000000000000e+02 4.806450676378923426e+00 1.722222499999999934e-01
1.420000000000000000e+02 4.779815612322336094e+00 1.730159000000000002e-01
1.430000000000000000e+02 4.753423790579976327e+00 1.738095500000000071e-01
1.440000000000000000e+02 4.727271894214998049e+00 1.746031999999999862e-01
1.450000000000000000e+02 4.701356666325535727e+00 1.753968499999999930e-01
1.460000000000000000e+02 4.675674908692579734e+00 1.761904999999999999e-01
1.470000000000000000e+02 4.650223480464211079e+00 1.769841500000000067e-01
1.480000000000000000e+02 4.624999296875087040e+00 1.777778000000000136e-01
1.490000000000000000e+02 4.599999328000080823e+00 1.785714499999999927e-01
1.500000000000000000e+02 4.575220597540993417e+00 1.793650999999999995e-01
1.510000000000000000e+02 4.550660181645354463e+00 1.801587500000000064e-01
1.520000000000000000e+02 4.526315207756293368e+00 1.809524000000000132e-01
1.530000000000000000e+02 4.502182853492551651e+00 1.817460499999999923e-01
1.540000000000000000e+02 4.478260345557705691e+00 1.825396999999999992e-01
1.550000000000000000e+02 4.454544958677731259e+00 1.833333500000000060e-01
1.560000000000000000e+02 4.431034014566033186e+00 1.841270000000000129e-01
1.570000000000000000e+02 4.407724880915139032e+00 1.849206499999999920e-01
1.580000000000000000e+02 4.384614970414233426e+00 1.857142999999999988e-01
1.590000000000000000e+02 4.361701739791788768e+00 1.865079500000000057e-01
1.600000000000000000e+02 4.338982688882529359e+00 1.873016000000000125e-01
1.610000000000000000e+02 4.316455359718015750e+00 1.880952499999999916e-01
1.620000000000000000e+02 4.294117335640156519e+00 1.888888999999999985e-01
1.630000000000000000e+02 4.271966240436982254e+00 1.896825500000000053e-01
1.640000000000000000e+02 4.249999737500012920e+00 1.904762000000000122e-01
1.650000000000000000e+02 4.228215529002611106e+00 1.912698499999999913e-01
1.660000000000000000e+02 4.206611355098704763e+00 1.920634999999999981e-01
1.670000000000000000e+02 4.185184993141296772e+00 1.928571500000000050e-01
1.680000000000000000e+02 4.163934256920187593e+00 1.936508000000000118e-01
1.690000000000000000e+02 4.142856995918371865e+00 1.944444499999999909e-01
1.700000000000000000e+02 4.121951094586558284e+00 1.952380999999999978e-01
1.710000000000000000e+02 4.101214471635334036e+00 1.960317500000000046e-01
1.720000000000000000e+02 4.080645079344433768e+00 1.968254000000000115e-01
1.730000000000000000e+02 4.060240902888663683e+00 1.976190499999999906e-01
1.740000000000000000e+02 4.039999959680000252e+00 1.984126999999999974e-01
1.750000000000000000e+02 4.019920298725416785e+00 1.992063500000000043e-01
1.760000000000000000e+02 4.000000000000000000e+00 2.000000000000000111e-01
1.770000000000000000e+02 3.980544747081712131e+00 2.007812499999999944e-01
1.780000000000000000e+02 3.961240310077519311e+00 2.015625000000000056e-01
1.790000000000000000e+02 3.942084942084941979e+00 2.023437499999999889e-01
1.800000000000000000e+02 3.923076923076923350e+00 2.031250000000000000e-01
1.810000000000000000e+02 3.904214559386972816e+00 2.039062500000000111e-01
1.820000000000000000e+02 3.885496183206107013e+00 2.046874999999999944e-01
1.830000000000000000e+02 3.866920152091254614e+00 2.054687500000000056e-01
1.840000000000000000e+02 3.848484848484848619e+00 2.062499999999999889e-01
1.850000000000000000e+02 3.830188679245282835e+00 2.070312500000000000e-01
1.860000000000000000e+02 3.812030075187969658e+00 2.078125000000000111e-01
1.870000000000000000e+02 3.794007490636704283e+00 2.085937499999999944e-01
1.880000000000000000e+02 3.776119402985074203e+00 2.093750000000000056e-01
1.890000000000000000e+02 3.758364312267658214e+00 2.101562499999999889e-01
1.900000000000000000e+02 3.740740740740740478e+00 2.109375000000000000e-01
1.910000000000000000e+02 3.723247232472324697e+00 2.117187500000000111e-01
1.920000000000000000e+02 3.705882352941176627e+00 2.124999999999999944e-01
1.930000000000000000e+02 3.688644688644688863e+00 2.132812500000000056e-01
1.940000000000000000e+02 3.671532846715328979e+00 2.140624999999999889e-01
1.950000000000000000e+02 3.654545454545454319e+00 2.148437500000000000e-01
1.960000000000000000e+02 3.637681159420290022e+00 2.156250000000000111e-01
1.970000000000000000e+02 3.620938628158844708e+00 2.164062499999999944e-01
1.980000000000000000e+02 3.604316546762589724e+00 2.171875000000000056e-01
1.990000000000000000e+02 3.587813620071685250e+00 2.179687499999999889e-01
2.000000000000000000e+02 3.571428571428571175e+00 2.187500000000000000e-01
2.010000000000000000e+02 3.555160142348753993e+00 2.195312500000000111e-01
2.020000000000000000e+02 3.539007092198581894e+00 2.203124999999999944e-01
2.030000000000000000e+02 3.522968197879858820e+00 2.210937500000000056e-01
2.040000000000000000e+02 3.507042253521126973e+00 2.218749999999999889e-01
2.050000000000000000e+02 3.491228070175438347e+00 2.226562500000000000e-01
2.060000000000000000e+02 3.475524475524474965e+00 2.234375000000000111e-01
2.070000000000000000e+02 3.459930313588849948e+00 2.242187499999999944e-01
2.080000000000000000e+02 3.444444444444444642e+00 2.250000000000000056e-01
2.090000000000000000e+02 3.429065743944637035e+00 2.257812499999999889e-01
2.100000000000000000e+02 3.413793103448275801e+00 2.265625000000000000e-01
2.110000000000000000e+02 3.398625429553264077e+00 2.273437500000000111e-01
2.120000000000000000e+02 3.383561643835616195e+00 2.281249999999999944e-01
2.130000000000000000e+02 3.368600682593856810e+00 2.289062500000000056e-01
2.140000000000000000e+02 3.353741496598639849e+00 2.296874999999999889e-01
2.150000000000000000e+02 3.338983050847457612e+00 2.304687500000000000e-01
2.160000000000000000e+02 3.324324324324323676e+00 2.312500000000000111e-01
2.170000000000000000e+02 3.309764309764309687e+00 2.320312499999999944e-01
2.180000000000000000e+02 3.295302013422818810e+00 2.328125000000000056e-01
2.190000000000000000e+02 3.280936454849498141e+00 2.335937499999999889e-01
2.200000000000000000e+02 3.266666666666666607e+00 2.343750000000000000e-01
2.210000000000000000e+02 3.252491694352158902e+00 2.351562500000000111e-01
2.220000000000000000e+02 3.238410596026490396e+00 2.359374999999999944e-01
2.230000000000000000e+02 3.224422442244224030e+00 2.367187500000000056e-01
2.240000000000000000e+02 3.210526315789473450e+00 2.374999999999999889e-01
2.250000000000000000e+02 3.196721311475410054e+00 2.382812500000000000e-01
2.260000000000000000e+02 3.183006535947712656e+00 2.390625000000000111e-01
2.270000000000000000e+02 3.169381107491856753e+00 2.398437499999999944e-01
2.280000000000000000e+02 3.155844155844155452e+00 2.406250000000000056e-01
2.290000000000000000e+02 3.142394822006473021e+00 2.414062499999999889e-01
2.300000000000000000e+02 3.129032258064516014e+00 2.421875000000000000e-01
2.310000000000000000e+02 3.115755627009646034e+00 2.429687500000000111e-01
2.320000000000000000e+02 3.102564102564103088e+00 2.437499999999999944e-01
2.330000000000000000e+02 3.089456869009584494e+00 2.445312500000000056e-01
2.340000000000000000e+02 3.076433121019108263e+00 2.453124999999999889e-01
2.350000000000000000e+02 3.063492063492063266e+00 2.460937500000000000e-01
2.360000000000000000e+02 3.050632911392404445e+00 2.468750000000000111e-01
2.370000000000000000e+02 3.037854889589905127e+00 2.476562499999999944e-01
2.380000000000000000e+02 3.025157232704402510e+00 2.484375000000000056e-01
2.390000000000000000e+02 3.012539184952978566e+00 2.492187499999999889e-01
2.400000000000000000e+02 3.000000000000000000e+00 2.500000000000000000e-01
2.410000000000000000e+02 2.987220161936959606e+00 2.508013000000000048e-01
2.420000000000000000e+02 2.974521725928110261e+00 2.516026000000000096e-01
2.430000000000000000e+02 2.961904701532880768e+00 2.524038499999999852e-01
2.440000000000000000e+02 2.949367528537142125e+00 2.532051000000000163e-01
2.450000000000000000e+02 2.936908676316817068e+00 2.540064000000000211e-01
2.460000000000000000e+02 2.924528183410469495e+00 2.548077000000000258e-01
2.470000000000000000e+02 2.912225312880219796e+00 2.556089999999999751e-01
2.480000000000000000e+02 2.899999337000112920e+00 2.564102999999999799e-01
2.490000000000000000e+02 2.887850292881481984e+00 2.572115500000000110e-01
2.500000000000000000e+02 2.875776705651812648e+00 2.580127999999999866e-01
2.510000000000000000e+02 2.863777128062188204e+00 2.588140999999999914e-01
2.520000000000000000e+02 2.851851623593977703e+00 2.596153999999999962e-01
2.530000000000000000e+02 2.840000245760015307e+00 2.604166500000000273e-01
2.540000000000000000e+02 2.828221572870771805e+00 2.612179000000000029e-01
2.550000000000000000e+02 2.816514209645705424e+00 2.620192000000000077e-01
2.560000000000000000e+02 2.804878234384303948e+00 2.628205000000000124e-01
2.570000000000000000e+02 2.793312996117923053e+00 2.636218000000000172e-01
2.580000000000000000e+02 2.781817851768623395e+00 2.644231000000000220e-01
2.590000000000000000e+02 2.770392876822961536e+00 2.652243499999999976e-01
2.600000000000000000e+02 2.759036724285182096e+00 2.660255999999999732e-01
2.610000000000000000e+02 2.747748071877310849e+00 2.668268999999999780e-01
2.620000000000000000e+02 2.736527017705907117e+00 2.676281999999999828e-01
2.630000000000000000e+02 2.725372956400097912e+00 2.684294999999999876e-01
2.640000000000000000e+02 2.714285289795967060e+00 2.692307999999999923e-01
2.650000000000000000e+02 2.703264112537752339e+00 2.700320500000000234e-01
2.660000000000000000e+02 2.692308146745618025e+00 2.708332999999999990e-01
2.670000000000000000e+02 2.681416137708524605e+00 2.716346000000000038e-01
2.680000000000000000e+02 2.670588200747404883e+00 2.724359000000000086e-01
2.690000000000000000e+02 2.659823772165722300e+00 2.732372000000000134e-01
2.700000000000000000e+02 2.649122294860028592e+00 2.740385000000000182e-01
2.710000000000000000e+02 2.638483880151979655e+00 2.748397499999999938e-01
2.720000000000000000e+02 2.627907314223935753e+00 2.756410000000000249e-01
2.730000000000000000e+02 2.617391405005674354e+00 2.764422999999999742e-01
2.740000000000000000e+02 2.606936282749178435e+00 2.772435999999999789e-01
2.750000000000000000e+02 2.596541421907037517e+00 2.780448999999999837e-01
2.760000000000000000e+02 2.586206302972749782e+00 2.788461999999999885e-01
2.770000000000000000e+02 2.575931051758204582e+00 2.796474500000000196e-01
2.780000000000000000e+02 2.565714513920014817e+00 2.804486999999999952e-01
2.790000000000000000e+02 2.555555555555555358e+00 2.812500000000000000e-01
2.800000000000000000e+02 2.545454319834725254e+00 2.820513000000000048e-01
2.810000000000000000e+02 2.535410941142302033e+00 2.828525499999999804e-01
2.820000000000000000e+02 2.525424302441920066e+00 2.836538000000000115e-01
2.830000000000000000e+02 2.515493306324970035e+00 2.844551000000000163e-01
2.840000000000000000e+02 2.505618103572785582e+00 2.852564000000000211e-01
2.850000000000000000e+02 2.495798225323072828e+00 2.860577000000000258e-01
2.860000000000000000e+02 2.486033207952339286e+00 2.868589999999999751e-01
2.870000000000000000e+02 2.476323197243970764e+00 2.876602500000000062e-01
2.880000000000000000e+02 2.466667128888950788e+00 2.884614999999999818e-01
2.890000000000000000e+02 2.457063957066031534e+00 2.892627999999999866e-01
2.900000000000000000e+02 2.447513842629956748e+00 2.900640999999999914e-01
2.910000000000000000e+02 2.438016347080127044e+00 2.908653999999999962e-01
2.920000000000000000e+02 2.428571036734738620e+00 2.916667000000000010e-01
2.930000000000000000e+02 2.419178067203603177e+00 2.924679499999999766e-01
2.940000000000000000e+02 2.409836423327099908e+00 2.932692000000000077e-01
2.950000000000000000e+02 2.400545107380712917e+00 2.940705000000000124e-01
2.960000000000000000e+02 2.391304288846881843e+00 2.948718000000000172e-01
2.970000000000000000e+02 2.382113557168372697e+00 2.956731000000000220e-01
2.980000000000000000e+02 2.372972506226506795e+00 2.964744000000000268e-01
2.990000000000000000e+02 2.363881300066116964e+00 2.972756500000000024e-01
3.000000000000000000e+02 2.354838969406888083e+00 2.980768999999999780e-01
3.010000000000000000e+02 2.345844561430040720e+00 2.988781999999999828e-01
3.020000000000000000e+02 2.336898252966919998e+00 2.996794999999999876e-01
3.030000000000000000e+02 2.327999659212835137e+00 3.004807999999999923e-01
3.040000000000000000e+02 2.319148399456854470e+00 3.012820999999999971e-01
3.050000000000000000e+02 2.310344644946502601e+00 3.020833499999999727e-01
3.060000000000000000e+02 2.301587469286982657e+00 3.028846000000000038e-01
3.070000000000000000e+02 2.292875961643263683e+00 3.036859000000000086e-01
3.080000000000000000e+02 2.284210305063726576e+00 3.044872000000000134e-01
3.090000000000000000e+02 2.275590674982954642e+00 3.052884499999999890e-01
3.100000000000000000e+02 2.267016172056753209e+00 3.060897000000000201e-01
3.110000000000000000e+02 2.258485911936159329e+00 3.068910000000000249e-01
3.120000000000000000e+02 2.250000081250002282e+00 3.076922999999999742e-01
3.130000000000000000e+02 2.241558333787151636e+00 3.084935999999999789e-01
3.140000000000000000e+02 2.233160326924239936e+00 3.092948999999999837e-01
3.150000000000000000e+02 2.224806241547984342e+00 3.100961500000000148e-01
3.160000000000000000e+02 2.216495216749963415e+00 3.108973999999999904e-01
3.170000000000000000e+02 2.208226405820749250e+00 3.116986999999999952e-01
3.180000000000000000e+02 2.200000000000000178e+00 3.125000000000000000e-01
3.190000000000000000e+02 2.191815673921557295e+00 3.133013000000000048e-01
3.200000000000000000e+02 2.183673105539400083e+00 3.141026000000000096e-01
3.210000000000000000e+02 2.175572480298351596e+00 3.149038499999999852e-01
3.220000000000000000e+02 2.167512973341260363e+00 3.157051000000000163e-01
3.230000000000000000e+02 2.159493773269671291e+00 3.165064000000000211e-01
3.240000000000000000e+02 2.151515075114785791e+00 3.173077000000000258e-01
3.250000000000000000e+02 2.143576572809949177e+00 3.181089999999999751e-01
3.260000000000000000e+02 2.135677963364620346e+00 3.189102999999999799e-01
3.270000000000000000e+02 2.127819435988471231e+00 3.197115500000000110e-01
3.280000000000000000e+02 2.120000199680013075e+00 3.205127999999999866e-01
3.290000000000000000e+02 2.112219476207237712e+00 3.213140999999999914e-01
3.300000000000000000e+02 2.104477463666748260e+00 3.221153999999999962e-01
3.310000000000000000e+02 2.096774353381901879e+00 3.229166500000000273e-01
3.320000000000000000e+02 2.089109375786757372e+00 3.237179000000000029e-01
3.330000000000000000e+02 2.081481773651605138e+00 3.245192000000000077e-01
3.340000000000000000e+02 2.073891746754354504e+00 3.253205000000000124e-01
3.350000000000000000e+02 2.066339018121450266e+00 3.261218000000000172e-01
3.360000000000000000e+02 2.058823313494824614e+00 3.269231000000000220e-01
3.370000000000000000e+02 2.051344826833892743e+00 3.277243499999999976e-01
3.380000000000000000e+02 2.043902819141035110e+00 3.285255999999999732e-01
3.390000000000000000e+02 2.036496563141365179e+00 3.293268999999999780e-01
3.400000000000000000e+02 2.029126260646621827e+00 3.301281999999999828e-01
3.410000000000000000e+02 2.021791650487490433e+00 3.309294999999999876e-01
3.420000000000000000e+02 2.014492474018089396e+00 3.317307999999999923e-01
3.430000000000000000e+02 2.007228927256786033e+00 3.325320500000000234e-01
3.440000000000000000e+02 2.000000300000030151e+00 3.333332999999999990e-01
3.450000000000000000e+02 1.992874414949168393e+00 3.341269499999999781e-01
3.460000000000000000e+02 1.985782301835121277e+00 3.349206000000000127e-01
3.470000000000000000e+02 1.978723721140821290e+00 3.357142499999999918e-01
3.480000000000000000e+02 1.971698435608792099e+00 3.365079000000000264e-01
3.490000000000000000e+02 1.964706210214568927e+00 3.373015500000000055e-01
3.500000000000000000e+02 1.957746812140486181e+00 3.380951999999999846e-01
3.510000000000000000e+02 1.950820010749837241e+00 3.388888500000000192e-01
3.520000000000000000e+02 1.943925577561399276e+00 3.396824999999999983e-01
3.530000000000000000e+02 1.937063286224307124e+00 3.404761499999999774e-01
3.540000000000000000e+02 1.930232912493282438e+00 3.412698000000000120e-01
3.550000000000000000e+02 1.923434234204209670e+00 3.420634499999999911e-01
3.560000000000000000e+02 1.916667031250045561e+00 3.428571000000000257e-01
3.570000000000000000e+02 1.909931085557066144e+00 3.436507500000000048e-01
3.580000000000000000e+02 1.903226181061442812e+00 3.444443999999999839e-01
3.590000000000000000e+02 1.896552103686137691e+00 3.452380500000000185e-01
3.600000000000000000e+02 1.889908641318121862e+00 3.460316999999999976e-01
3.610000000000000000e+02 1.883295583785902672e+00 3.468253499999999767e-01
3.620000000000000000e+02 1.876712722837359237e+00 3.476190000000000113e-01
3.630000000000000000e+02 1.870159852117883936e+00 3.484126499999999904e-01
3.640000000000000000e+02 1.863636767148816986e+00 3.492063000000000250e-01
3.650000000000000000e+02 1.857142857142857206e+00 3.499999999999999778e-01
3.660000000000000000e+02 1.850678333162767863e+00 3.507936999999999861e-01
3.670000000000000000e+02 1.844243400679802303e+00 3.515873500000000207e-01
3.680000000000000000e+02 1.837837454346289867e+00 3.523809999999999998e-01
3.690000000000000000e+02 1.831460298750207549e+00 3.531746499999999789e-01
3.700000000000000000e+02 1.825111740232105539e+00 3.539683000000000135e-01
3.710000000000000000e+02 1.818791586865502463e+00 3.547619499999999926e-01
3.720000000000000000e+02 1.812499648437543520e+00 3.555556000000000272e-01
3.730000000000000000e+02 1.806235736429921079e+00 3.563492500000000063e-01
3.740000000000000000e+02 1.799999664000040411e+00 3.571428999999999854e-01
3.750000000000000000e+02 1.793791245962447878e+00 3.579365500000000200e-01
3.760000000000000000e+02 1.787610298770496708e+00 3.587301999999999991e-01
3.770000000000000000e+02 1.781456640498259247e+00 3.595238499999999782e-01
3.780000000000000000e+02 1.775330090822677231e+00 3.603175000000000128e-01
3.790000000000000000e+02 1.769230471005949212e+00 3.611111499999999919e-01
3.800000000000000000e+02 1.763157603878146684e+00 3.619048000000000265e-01
3.810000000000000000e+02 1.757111313820061582e+00 3.626984500000000056e-01
3.820000000000000000e+02 1.751091426746275825e+00 3.634920999999999847e-01
3.830000000000000000e+02 1.745097770088453792e+00 3.642857500000000193e-01
3.840000000000000000e+02 1.739130172778852845e+00 3.650793999999999984e-01
3.850000000000000000e+02 1.733188465234047904e+00 3.658730499999999775e-01
3.860000000000000000e+02 1.727272479338865629e+00 3.666667000000000121e-01
3.870000000000000000e+02 1.721382048430531331e+00 3.674603499999999912e-01
3.880000000000000000e+02 1.715517007283016593e+00 3.682540000000000258e-01
3.890000000000000000e+02 1.709677192091590303e+00 3.690476500000000049e-01
3.900000000000000000e+02 1.703862440457569516e+00 3.698412999999999839e-01
3.910000000000000000e+02 1.698072591373263496e+00 3.706349500000000186e-01
3.920000000000000000e+02 1.692307485207116713e+00 3.714285999999999976e-01
3.930000000000000000e+02 1.686566963689032583e+00 3.722222499999999767e-01
3.940000000000000000e+02 1.680850869895894384e+00 3.730159000000000113e-01
3.950000000000000000e+02 1.675159048237264248e+00 3.738095499999999904e-01
3.960000000000000000e+02 1.669491344441264680e+00 3.746032000000000250e-01
3.970000000000000000e+02 1.663847605540643038e+00 3.753968500000000041e-01
3.980000000000000000e+02 1.658227679859007875e+00 3.761904999999999832e-01
3.990000000000000000e+02 1.652631416997239810e+00 3.769841500000000178e-01
4.000000000000000000e+02 1.647058667820078259e+00 3.777777999999999969e-01
4.010000000000000000e+02 1.641509284442870698e+00 3.785714499999999760e-01
4.020000000000000000e+02 1.635983120218491127e+00 3.793651000000000106e-01
4.030000000000000000e+02 1.630480029724424629e+00 3.801587499999999897e-01
4.040000000000000000e+02 1.624999868750006460e+00 3.809524000000000243e-01
4.050000000000000000e+02 1.619542494283830791e+00 3.817460500000000034e-01
4.060000000000000000e+02 1.614107764501305553e+00 3.825396999999999825e-01
4.070000000000000000e+02 1.608695538752367593e+00 3.833333500000000171e-01
4.080000000000000000e+02 1.603305677549352382e+00 3.841269999999999962e-01
4.090000000000000000e+02 1.597938042555004490e+00 3.849206499999999753e-01
4.100000000000000000e+02 1.592592496570648386e+00 3.857143000000000099e-01
4.110000000000000000e+02 1.587268903524494235e+00 3.865079499999999890e-01
4.120000000000000000e+02 1.581967128460093797e+00 3.873016000000000236e-01
4.130000000000000000e+02 1.576687037524937551e+00 3.880952500000000027e-01
4.140000000000000000e+02 1.571428497959185933e+00 3.888888999999999818e-01
4.150000000000000000e+02 1.566191378084545782e+00 3.896825500000000164e-01
4.160000000000000000e+02 1.560975547293279142e+00 3.904761999999999955e-01
4.170000000000000000e+02 1.555780876037343496e+00 3.912698499999999746e-01
4.180000000000000000e+02 1.550607235817667018e+00 3.920635000000000092e-01
4.190000000000000000e+02 1.545454499173554819e+00 3.928571499999999883e-01
4.200000000000000000e+02 1.540322539672216884e+00 3.936508000000000229e-01
4.210000000000000000e+02 1.535211231898433226e+00 3.944444500000000020e-01
4.220000000000000000e+02 1.530120451444331842e+00 3.952380999999999811e-01
4.230000000000000000e+02 1.525050074899297670e+00 3.960317500000000157e-01
4.240000000000000000e+02 1.519999979840000126e+00 3.968253999999999948e-01
4.250000000000000000e+02 1.514970044820538764e+00 3.976190499999999739e-01
4.260000000000000000e+02 1.509960149362708393e+00 3.984127000000000085e-01
4.270000000000000000e+02 1.504970173946381440e+00 3.992063499999999876e-01
4.280000000000000000e+02 1.500000000000000000e+00 4.000000000000000222e-01
4.290000000000000000e+02 1.495049509891187345e+00 4.007936500000000013e-01
4.300000000000000000e+02 1.490118586917464683e+00 4.015872999999999804e-01
4.310000000000000000e+02 1.485207115297083380e+00 4.023809500000000150e-01
4.320000000000000000e+02 1.480314980159960658e+00 4.031745999999999941e-01
4.330000000000000000e+02 1.475442067538723645e+00 4.039682499999999732e-01
4.340000000000000000e+02 1.470588264359861785e+00 4.047619000000000078e-01
4.350000000000000000e+02 1.465753458434979173e+00 4.055555499999999869e-01
4.360000000000000000e+02 1.460937538452149020e+00 4.063492000000000215e-01
4.370000000000000000e+02 1.456140393967375157e+00 4.071428500000000006e-01
4.380000000000000000e+02 1.451361915396146340e+00 4.079364999999999797e-01
4.390000000000000000e+02 1.446601994005090930e+00 4.087301500000000143e-01
4.400000000000000000e+02 1.441860521903733261e+00 4.095237999999999934e-01
4.410000000000000000e+02 1.437137392036337058e+00 4.103174499999999725e-01
4.420000000000000000e+02 1.432432498173851432e+00 4.111111000000000071e-01
4.430000000000000000e+02 1.427745734905946140e+00 4.119047499999999862e-01
4.440000000000000000e+02 1.423076997633138330e+00 4.126984000000000208e-01
4.450000000000000000e+02 1.418426182559011650e+00 4.134920499999999999e-01
4.460000000000000000e+02 1.413793186682523739e+00 4.142856999999999790e-01
4.470000000000000000e+02 1.409177907790402084e+00 4.150793500000000136e-01
4.480000000000000000e+02 1.404580244449627813e+00 4.158729999999999927e-01
4.490000000000000000e+02 1.400000096000003857e+00 4.166666500000000273e-01
4.500000000000000000e+02 1.395437362546809723e+00 4.174603000000000064e-01
4.510000000000000000e+02 1.390891944953538406e+00 4.182539499999999855e-01
4.520000000000000000e+02 1.386363744834715472e+00 4.190476000000000201e-01
4.530000000000000000e+02 1.381852664548802512e+00 4.198412499999999992e-01
4.540000000000000000e+02 1.377358607191176976e+00 4.206348999999999783e-01
4.550000000000000000e+02 1.372881476587193728e+00 4.214285500000000129e-01
4.560000000000000000e+02 1.368421177285325196e+00 4.222221999999999920e-01
4.570000000000000000e+02 1.363977614550376583e+00 4.230158500000000266e-01
4.580000000000000000e+02 1.359550694356780554e+00 4.238095000000000057e-01
4.590000000000000000e+02 1.355140323381962553e+00 4.246031499999999848e-01
4.600000000000000000e+02 1.350746408999785597e+00 4.253968000000000194e-01
4.610000000000000000e+02 1.346368859274063912e+00 4.261904499999999985e-01
4.620000000000000000e+02 1.342007582952152056e+00 4.269840999999999775e-01
4.630000000000000000e+02 1.337662489458603332e+00 4.277777500000000122e-01
4.640000000000000000e+02 1.333333488888899243e+00 4.285713999999999912e-01
4.650000000000000000e+02 1.329020492003249565e+00 4.293650500000000259e-01
4.660000000000000000e+02 1.324723410220460362e+00 4.301587000000000049e-01
4.670000000000000000e+02 1.320442155611867729e+00 4.309523499999999840e-01
4.680000000000000000e+02 1.316176640895341254e+00 4.317460000000000186e-01
4.690000000000000000e+02 1.311926779429354095e+00 4.325396499999999977e-01
4.700000000000000000e+02 1.307692485207114341e+00 4.333332999999999768e-01
4.710000000000000000e+02 1.303473672850763876e+00 4.341269500000000114e-01
4.720000000000000000e+02 1.299270257605641188e+00 4.349205999999999905e-01
4.730000000000000000e+02 1.295082155334602803e+00 4.357142500000000251e-01
4.740000000000000000e+02 1.290909282512412659e+00 4.365079000000000042e-01
4.750000000000000000e+02 1.286751556220187442e+00 4.373015499999999833e-01
4.760000000000000000e+02 1.282608894139903644e+00 4.380952000000000179e-01
4.770000000000000000e+02 1.278481214548968570e+00 4.388888499999999970e-01
4.780000000000000000e+02 1.274368436314841091e+00 4.396824999999999761e-01
4.790000000000000000e+02 1.270270478889719445e+00 4.404761500000000107e-01
4.800000000000000000e+02 1.266187262305283667e+00 4.412697999999999898e-01
4.810000000000000000e+02 1.262118707167489084e+00 4.420634500000000244e-01
4.820000000000000000e+02 1.258064734651425987e+00 4.428571000000000035e-01
4.830000000000000000e+02 1.254025266496225033e+00 4.436507499999999826e-01
4.840000000000000000e+02 1.250000225000022613e+00 4.444444000000000172e-01
4.850000000000000000e+02 1.245989533014979500e+00 4.452380499999999963e-01
4.860000000000000000e+02 1.241993113942350124e+00 4.460316999999999754e-01
4.870000000000000000e+02 1.238010891727606921e+00 4.468253500000000100e-01
4.880000000000000000e+02 1.234042790855616190e+00 4.476189999999999891e-01
4.890000000000000000e+02 1.230088736345863243e+00 4.484126500000000237e-01
4.900000000000000000e+02 1.226148653747732187e+00 4.492063000000000028e-01
4.910000000000000000e+02 1.222222222222222321e+00 4.500000000000000111e-01
4.920000000000000000e+02 1.218309617015499668e+00 4.507937000000000194e-01
4.930000000000000000e+02 1.214411010405849645e+00 4.515873499999999985e-01
4.940000000000000000e+02 1.210526083102517525e+00 4.523809999999999776e-01
4.950000000000000000e+02 1.206654763235321948e+00 4.531746500000000122e-01
4.960000000000000000e+02 1.202796979436669744e+00 4.539682999999999913e-01
4.970000000000000000e+02 1.198952660837169670e+00 4.547619500000000259e-01
4.980000000000000000e+02 1.195121737061294098e+00 4.555556000000000050e-01
4.990000000000000000e+02 1.191304138223082454e+00 4.563492499999999841e-01
5.000000000000000000e+02 1.187499794921893947e+00 4.571429000000000187e-01
5.010000000000000000e+02 1.183708638238201161e+00 4.579365499999999978e-01
5.020000000000000000e+02 1.179930599729427154e+00 4.587301999999999769e-01
5.030000000000000000e+02 1.176165611425826985e+00 4.595238500000000115e-01
5.040000000000000000e+02 1.172413605826413185e+00 4.603174999999999906e-01
5.050000000000000000e+02 1.168674515894920329e+00 4.611111500000000252e-01
5.060000000000000000e+02 1.164948275055812221e+00 4.619048000000000043e-01
5.070000000000000000e+02 1.161234817190332169e+00 4.626984499999999834e-01
5.080000000000000000e+02 1.157534076632589670e+00 4.634921000000000180e-01
5.090000000000000000e+02 1.153845988165693282e+00 4.642857499999999971e-01
5.100000000000000000e+02 1.150170487017915910e+00 4.650793999999999762e-01
5.110000000000000000e+02 1.146507508858904956e+00 4.658730500000000108e-01
5.120000000000000000e+02 1.142856989795929312e+00 4.666666999999999899e-01
5.130000000000000000e+02 1.139218866370163674e+00 4.674603500000000245e-01
5.140000000000000000e+02 1.135593075553011921e+00 4.682540000000000036e-01
5.150000000000000000e+02 1.131979554742466032e+00 4.690476499999999827e-01
5.160000000000000000e+02 1.128378241759504519e+00 4.698413000000000173e-01
5.170000000000000000e+02 1.124789074844526393e+00 4.706349499999999964e-01
5.180000000000000000e+02 1.121211992653818879e+00 4.714285999999999754e-01
5.190000000000000000e+02 1.117646934256062430e+00 4.722222500000000101e-01
5.200000000000000000e+02 1.114093839128874830e+00 4.730158999999999891e-01
5.210000000000000000e+02 1.110552647155381045e+00 4.738095500000000238e-01
5.220000000000000000e+02 1.107023298620826601e+00 4.746032000000000028e-01
5.230000000000000000e+02 1.103505734209219380e+00 4.753968499999999819e-01
5.240000000000000000e+02 1.099999895000005168e+00 4.761905000000000165e-01
5.250000000000000000e+02 1.096505722464782284e+00 4.769841499999999956e-01
5.260000000000000000e+02 1.093023158464039302e+00 4.777777999999999747e-01
5.270000000000000000e+02 1.089552145243933623e+00 4.785714500000000093e-01
5.280000000000000000e+02 1.086092625433098924e+00 4.793650999999999884e-01
5.290000000000000000e+02 1.082644542039481461e+00 4.801587500000000230e-01
5.300000000000000000e+02 1.079207838447214129e+00 4.809524000000000021e-01
5.310000000000000000e+02 1.075782458413514941e+00 4.817460499999999812e-01
5.320000000000000000e+02 1.072368346065618816e+00 4.825397000000000158e-01
5.330000000000000000e+02 1.068965445897743116e+00 4.833333499999999949e-01
5.340000000000000000e+02 1.065573702768075393e+00 4.841269999999999740e-01
5.350000000000000000e+02 1.062193061895796653e+00 4.849206500000000086e-01
5.360000000000000000e+02 1.058823468858133499e+00 4.857142999999999877e-01
5.370000000000000000e+02 1.055464869587434240e+00 4.865079500000000223e-01
5.380000000000000000e+02 1.052117210368280986e+00 4.873016000000000014e-01
5.390000000000000000e+02 1.048780437834623491e+00 4.880952499999999805e-01
5.400000000000000000e+02 1.045454498966943202e+00 4.888889000000000151e-01
5.410000000000000000e+02 1.042139341089446614e+00 4.896825499999999942e-01
5.420000000000000000e+02 1.038834911867283495e+00 4.904761999999999733e-01
5.430000000000000000e+02 1.035541159303791758e+00 4.912698500000000079e-01
5.440000000000000000e+02 1.032258031737773862e+00 4.920634999999999870e-01
5.450000000000000000e+02 1.028985477840790086e+00 4.928571500000000216e-01
5.460000000000000000e+02 1.025723446614489553e+00 4.936508000000000007e-01
5.470000000000000000e+02 1.022471887387956357e+00 4.944444499999999798e-01
5.480000000000000000e+02 1.019230749815088988e+00 4.952381000000000144e-01
5.490000000000000000e+02 1.015999983872000190e+00 4.960317499999999935e-01
5.500000000000000000e+02 1.012779539854443911e+00 4.968253999999999726e-01
5.510000000000000000e+02 1.009569368375266230e+00 4.976190500000000072e-01
5.520000000000000000e+02 1.006369420361880707e+00 4.984126999999999863e-01
5.530000000000000000e+02 1.003179647053768164e+00 4.992063500000000209e-01
5.540000000000000000e+02 1.000000000000000000e+00 5.000000000000000000e-01
5.550000000000000000e+02 9.968202634125418182e-01 5.007962000000000247e-01
5.560000000000000000e+02 9.936506215006446485e-01 5.015924000000000493e-01
5.570000000000000000e+02 9.904912243720520593e-01 5.023885500000000448e-01
5.580000000000000000e+02 9.873418249799723601e-01 5.031847000000000403e-01
5.590000000000000000e+02 9.842021790905173262e-01 5.039808999999999539e-01
5.600000000000000000e+02 9.810724377155779496e-01 5.047770999999999786e-01
5.610000000000000000e+02 9.779527496757394189e-01 5.055732499999999741e-01
5.620000000000000000e+02 9.748428716269190719e-01 5.063693999999999695e-01
5.630000000000000000e+02 9.717425629814009369e-01 5.071655999999999942e-01
5.640000000000000000e+02 9.686519734357976752e-01 5.079618000000000189e-01
5.650000000000000000e+02 9.655712505327926909e-01 5.087579500000000143e-01
5.660000000000000000e+02 9.625001545468871988e-01 5.095541000000000098e-01
5.670000000000000000e+02 9.594384484539344449e-01 5.103503000000000345e-01
5.680000000000000000e+02 9.563862806455685206e-01 5.111464999999999481e-01
5.690000000000000000e+02 9.533436066184752811e-01 5.119426999999999728e-01
5.700000000000000000e+02 9.503103821457665745e-01 5.127388999999999974e-01
5.710000000000000000e+02 9.472867528711039764e-01 5.135350499999999929e-01
5.720000000000000000e+02 9.442724843447181104e-01 5.143311999999999884e-01
5.730000000000000000e+02 9.412673447384083403e-01 5.151274000000000131e-01
5.740000000000000000e+02 9.382714805060283769e-01 5.159236000000000377e-01
5.750000000000000000e+02 9.352850360374262983e-01 5.167197500000000332e-01
5.760000000000000000e+02 9.323077803020156651e-01 5.175159000000000287e-01
5.770000000000000000e+02 9.293394848393465857e-01 5.183121000000000533e-01
5.780000000000000000e+02 9.263802948247987779e-01 5.191082999999999670e-01
5.790000000000000000e+02 9.234303534043613038e-01 5.199044499999999625e-01
5.800000000000000000e+02 9.204894328909936085e-01 5.207005999999999579e-01
5.810000000000000000e+02 9.175573081177104129e-01 5.214967999999999826e-01
5.820000000000000000e+02 9.146341229922667626e-01 5.222930000000000073e-01
5.830000000000000000e+02 9.117198366932446341e-01 5.230892000000000319e-01
5.840000000000000000e+02 9.088144086473874950e-01 5.238853999999999456e-01
5.850000000000000000e+02 9.059179801538663757e-01 5.246815500000000521e-01
5.860000000000000000e+02 9.030303284040406275e-01 5.254777000000000475e-01
5.870000000000000000e+02 9.001512330366374659e-01 5.262738999999999612e-01
5.880000000000000000e+02 8.972808360785407000e-01 5.270700999999999858e-01
5.890000000000000000e+02 8.944192776105690523e-01 5.278662499999999813e-01
5.900000000000000000e+02 8.915663379880998107e-01 5.286623999999999768e-01
5.910000000000000000e+02 8.887217999669851931e-01 5.294586000000000015e-01
5.920000000000000000e+02 8.858858043340671617e-01 5.302548000000000261e-01
5.930000000000000000e+02 8.830584899622153650e-01 5.310509500000000216e-01
5.940000000000000000e+02 8.802396403026357952e-01 5.318471000000000171e-01
5.950000000000000000e+02 8.774290411613174800e-01 5.326433000000000417e-01
5.960000000000000000e+02 8.746268320962360399e-01 5.334394999999999554e-01
5.970000000000000000e+02 8.718331507828054328e-01 5.342356499999999508e-01
5.980000000000000000e+02 8.690477837018286689e-01 5.350317999999999463e-01
5.990000000000000000e+02 8.662705196443636346e-01 5.358279999999999710e-01
6.000000000000000000e+02 8.635014969507526228e-01 5.366241999999999956e-01
6.010000000000000000e+02 8.607406789917166900e-01 5.374204000000000203e-01
6.020000000000000000e+02 8.579880293547244019e-01 5.382166000000000450e-01
6.030000000000000000e+02 8.552436839388306566e-01 5.390127500000000405e-01
6.040000000000000000e+02 8.525074336492042271e-01 5.398089000000000359e-01
6.050000000000000000e+02 8.497790716365791752e-01 5.406050999999999496e-01
6.060000000000000000e+02 8.470587344359905568e-01 5.414012999999999742e-01
6.070000000000000000e+02 8.443465567755805701e-01 5.421974499999999697e-01
6.080000000000000000e+02 8.416423324326476330e-01 5.429935999999999652e-01
6.090000000000000000e+02 8.389458573882775383e-01 5.437897999999999898e-01
6.100000000000000000e+02 8.362572669881340737e-01 5.445860000000000145e-01
6.110000000000000000e+02 8.335766948001506194e-01 5.453821500000000100e-01
6.120000000000000000e+02 8.309039374138444956e-01 5.461783000000000055e-01
6.130000000000000000e+02 8.282387935817847602e-01 5.469745000000000301e-01
6.140000000000000000e+02 8.255813974716061932e-01 5.477707000000000548e-01
6.150000000000000000e+02 8.229317153477544444e-01 5.485668999999999684e-01
6.160000000000000000e+02 8.202897136702482772e-01 5.493630999999999931e-01
6.170000000000000000e+02 8.176555242868315254e-01 5.501592499999999886e-01
6.180000000000000000e+02 8.150289478966901147e-01 5.509553999999999840e-01
6.190000000000000000e+02 8.124097873028370831e-01 5.517516000000000087e-01
6.200000000000000000e+02 8.097981749271283558e-01 5.525478000000000334e-01
6.210000000000000000e+02 8.071942414839810009e-01 5.533439500000000288e-01
6.220000000000000000e+02 8.045977903421894784e-01 5.541401000000000243e-01
6.230000000000000000e+02 8.020086269361004216e-01 5.549363000000000490e-01
6.240000000000000000e+02 7.994268825379118315e-01 5.557324999999999626e-01
6.250000000000000000e+02 7.968526867394878366e-01 5.565286499999999581e-01
6.260000000000000000e+02 7.942858455249077743e-01 5.573247999999999536e-01
6.270000000000000000e+02 7.917261669064594720e-01 5.581209999999999782e-01
6.280000000000000000e+02 7.891737810180112778e-01 5.589172000000000029e-01
6.290000000000000000e+02 7.866286567375373462e-01 5.597134000000000276e-01
6.300000000000000000e+02 7.840907631198463790e-01 5.605096000000000522e-01
6.310000000000000000e+02 7.815602280931559509e-01 5.613057500000000477e-01
6.320000000000000000e+02 7.790368614658658153e-01 5.621019000000000432e-01
6.330000000000000000e+02 7.765204750202570061e-01 5.628980999999999568e-01
6.340000000000000000e+02 7.740111972038745680e-01 5.636942999999999815e-01
6.350000000000000000e+02 7.715091548492982731e-01 5.644904499999999770e-01
6.360000000000000000e+02 7.690141602507472030e-01 5.652865999999999724e-01
6.370000000000000000e+02 7.665260276411860474e-01 5.660827999999999971e-01
6.380000000000000000e+02 7.640448843580376348e-01 5.668790000000000218e-01
6.390000000000000000e+02 7.615708561489789030e-01 5.676751500000000172e-01
6.400000000000000000e+02 7.591037577446742013e-01 5.684713000000000127e-01
6.410000000000000000e+02 7.566434057802349233e-01 5.692675000000000374e-01
6.420000000000000000e+02 7.541899264941795966e-01 5.700636999999999510e-01
6.430000000000000000e+02 7.517432911297501352e-01 5.708598999999999757e-01
6.440000000000000000e+02 7.493034710903985207e-01 5.716561000000000003e-01
6.450000000000000000e+02 7.468705905165016201e-01 5.724522499999999958e-01
6.460000000000000000e+02 7.444444677037040936e-01 5.732483999999999913e-01
6.470000000000000000e+02 7.420249228021655874e-01 5.740446000000000160e-01
6.480000000000000000e+02 7.396120804229622259e-01 5.748408000000000406e-01
6.490000000000000000e+02 7.372060636482768992e-01 5.756369500000000361e-01
6.500000000000000000e+02 7.348066930923986551e-01 5.764331000000000316e-01
6.510000000000000000e+02 7.324137911918193744e-01 5.772292999999999452e-01
6.520000000000000000e+02 7.300274814865435058e-01 5.780254999999999699e-01
6.530000000000000000e+02 7.276478860111748048e-01 5.788216499999999654e-01
6.540000000000000000e+02 7.252748276536711280e-01 5.796177999999999608e-01
6.550000000000000000e+02 7.229081310926339654e-01 5.804139999999999855e-01
6.560000000000000000e+02 7.205479188080319286e-01 5.812102000000000102e-01
6.570000000000000000e+02 7.181943117974571855e-01 5.820063500000000056e-01
6.580000000000000000e+02 7.158471351787270009e-01 5.828025000000000011e-01
6.590000000000000000e+02 7.135062158294731560e-01 5.835987000000000258e-01
6.600000000000000000e+02 7.111716751806012038e-01 5.843949000000000504e-01
6.610000000000000000e+02 7.088434871958921857e-01 5.851910999999999641e-01
6.620000000000000000e+02 7.065216259806312848e-01 5.859872999999999887e-01
6.630000000000000000e+02 7.042062109965780969e-01 5.867834499999999842e-01
6.640000000000000000e+02 7.018970706266862702e-01 5.875795999999999797e-01
6.650000000000000000e+02 6.995940349688072324e-01 5.883758000000000044e-01
6.660000000000000000e+02 6.972972239006605122e-01 5.891720000000000290e-01
6.670000000000000000e+02 6.950067558731771733e-01 5.899681500000000245e-01
6.680000000000000000e+02 6.927224613945019982e-01 5.907643000000000200e-01
6.690000000000000000e+02 6.904441726585868189e-01 5.915605000000000446e-01
6.700000000000000000e+02 6.881720085212170712e-01 5.923566999999999583e-01
6.710000000000000000e+02 6.859060864328647700e-01 5.931528499999999537e-01
6.720000000000000000e+02 6.836462389868491751e-01 5.939489999999999492e-01
6.730000000000000000e+02 6.813923004338664491e-01 5.947451999999999739e-01
6.740000000000000000e+02 6.791443886184906908e-01 5.955413999999999985e-01
6.750000000000000000e+02 6.769024794009299573e-01 5.963376000000000232e-01
6.760000000000000000e+02 6.746665487701415387e-01 5.971338000000000479e-01
6.770000000000000000e+02 6.724367126951911189e-01 5.979299500000000434e-01
6.780000000000000000e+02 6.702128068243558001e-01 5.987261000000000388e-01
6.790000000000000000e+02 6.679946684218420749e-01 5.995222999999999525e-01
6.800000000000000000e+02 6.657824138353225507e-01 6.003184999999999771e-01
6.810000000000000000e+02 6.635761580590324726e-01 6.011146499999999726e-01
6.820000000000000000e+02 6.613757387307224178e-01 6.019107999999999681e-01
6.830000000000000000e+02 6.591809950772100635e-01 6.027069999999999927e-01
6.840000000000000000e+02 6.569920424614152932e-01 6.035032000000000174e-01
6.850000000000000000e+02 6.548089949128688136e-01 6.042993500000000129e-01
6.860000000000000000e+02 6.526316920221684192e-01 6.050955000000000084e-01
6.870000000000000000e+02 6.504599749427166788e-01 6.058917000000000330e-01
6.880000000000000000e+02 6.482939580631161824e-01 6.066878999999999467e-01
6.890000000000000000e+02 6.461336189704389721e-01 6.074840999999999713e-01
6.900000000000000000e+02 6.439789353691054430e-01 6.082802999999999960e-01
6.910000000000000000e+02 6.418300198603967832e-01 6.090764499999999915e-01
6.920000000000000000e+02 6.396867148975049489e-01 6.098725999999999869e-01
6.930000000000000000e+02 6.375488644581153164e-01 6.106688000000000116e-01
6.940000000000000000e+02 6.354165814887196007e-01 6.114650000000000363e-01
6.950000000000000000e+02 6.332899776508764678e-01 6.122611500000000317e-01
6.960000000000000000e+02 6.311688972629474481e-01 6.130573000000000272e-01
6.970000000000000000e+02 6.290531861429475846e-01 6.138535000000000519e-01
6.980000000000000000e+02 6.269429562887609553e-01 6.146496999999999655e-01
6.990000000000000000e+02 6.248383184320767114e-01 6.154458499999999610e-01
7.000000000000000000e+02 6.227391187228394909e-01 6.162419999999999565e-01
7.010000000000000000e+02 6.206452047863488808e-01 6.170381999999999811e-01
7.020000000000000000e+02 6.185566876820067783e-01 6.178344000000000058e-01
7.030000000000000000e+02 6.164735465720576624e-01 6.186306000000000305e-01
7.040000000000000000e+02 6.143957607258838660e-01 6.194268000000000551e-01
7.050000000000000000e+02 6.123234394986512008e-01 6.202229500000000506e-01
7.060000000000000000e+02 6.102564317264957960e-01 6.210191000000000461e-01
7.070000000000000000e+02 6.081945876854430999e-01 6.218152999999999597e-01
7.080000000000000000e+02 6.061380170459427230e-01 6.226114999999999844e-01
7.090000000000000000e+02 6.040868282575615478e-01 6.234076499999999799e-01
7.100000000000000000e+02 6.020408719075405202e-01 6.242037999999999753e-01
7.110000000000000000e+02 6.000000000000000888e-01 6.250000000000000000e-01
7.120000000000000000e+02 5.979643212918197559e-01 6.257962000000000247e-01
7.130000000000000000e+02 5.959339433365249405e-01 6.265923500000000201e-01
7.140000000000000000e+02 5.939087184416034226e-01 6.273885000000000156e-01
7.150000000000000000e+02 5.918885003089058294e-01 6.281847000000000403e-01
7.160000000000000000e+02 5.898733967915401610e-01 6.289808999999999539e-01
7.170000000000000000e+02 5.878635145564610198e-01 6.297770499999999494e-01
7.180000000000000000e+02 5.858587076012746753e-01 6.305731999999999449e-01
7.190000000000000000e+02 5.838588312959100968e-01 6.313693999999999695e-01
7.200000000000000000e+02 5.818639925994075757e-01 6.321655999999999942e-01
7.210000000000000000e+02 5.798741725014051607e-01 6.329618000000000189e-01
7.220000000000000000e+02 5.778893520870740375e-01 6.337580000000000435e-01
7.230000000000000000e+02 5.759096367110669856e-01 6.345541500000000390e-01
7.240000000000000000e+02 5.739348828512396139e-01 6.353503000000000345e-01
7.250000000000000000e+02 5.719649483255824229e-01 6.361464999999999481e-01
7.260000000000000000e+02 5.699999387700025455e-01 6.369426999999999728e-01
7.270000000000000000e+02 5.680399586758750896e-01 6.377388499999999683e-01
7.280000000000000000e+02 5.660848661388961922e-01 6.385349999999999637e-01
7.290000000000000000e+02 5.641345205739998203e-01 6.393311999999999884e-01
7.300000000000000000e+02 5.621890267468632185e-01 6.401274000000000131e-01
7.310000000000000000e+02 5.602484882947427192e-01 6.409235500000000085e-01
7.320000000000000000e+02 5.583127649034305140e-01 6.417197000000000040e-01
7.330000000000000000e+02 5.563817175574954366e-01 6.425159000000000287e-01
7.340000000000000000e+02 5.544554501617486864e-01 6.433121000000000533e-01
7.350000000000000000e+02 5.525339449903068356e-01 6.441082999999999670e-01
7.360000000000000000e+02 5.506171844048226571e-01 6.449044999999999916e-01
7.370000000000000000e+02 5.487052707783397487e-01 6.457006499999999871e-01
7.380000000000000000e+02 5.467980661311857560e-01 6.464967999999999826e-01
7.390000000000000000e+02 5.448954337525664382e-01 6.472930000000000073e-01
7.400000000000000000e+02 5.429974762733278393e-01 6.480892000000000319e-01
7.410000000000000000e+02 5.411042952348976698e-01 6.488853500000000274e-01
7.420000000000000000e+02 5.392157541810871368e-01 6.496815000000000229e-01
7.430000000000000000e+02 5.373317179051639858e-01 6.504777000000000475e-01
7.440000000000000000e+02 5.354522882000953832e-01 6.512738999999999612e-01
7.450000000000000000e+02 5.335775657845349684e-01 6.520700499999999566e-01
7.460000000000000000e+02 5.317074157001848711e-01 6.528661999999999521e-01
7.470000000000000000e+02 5.298417042191811976e-01 6.536623999999999768e-01
7.480000000000000000e+02 5.279805323056339095e-01 6.544586000000000015e-01
7.490000000000000000e+02 5.261238834114605467e-01 6.552548000000000261e-01
7.500000000000000000e+02 5.242717410689106128e-01 6.560510000000000508e-01
7.510000000000000000e+02 5.224242047788438814e-01 6.568471500000000463e-01
7.520000000000000000e+02 5.205811417830912280e-01 6.576433000000000417e-01
7.530000000000000000e+02 5.187424205261077503e-01 6.584394999999999554e-01
7.540000000000000000e+02 5.169081407454116928e-01 6.592356999999999800e-01
7.550000000000000000e+02 5.150784011407933960e-01 6.600318499999999755e-01
7.560000000000000000e+02 5.132530703904798486e-01 6.608279999999999710e-01
7.570000000000000000e+02 5.114320183572487188e-01 6.616241999999999956e-01
7.580000000000000000e+02 5.096153439718944522e-01 6.624204000000000203e-01
7.590000000000000000e+02 5.078031451416584741e-01 6.632165500000000158e-01
7.600000000000000000e+02 5.059952919575183561e-01 6.640127000000000113e-01
7.610000000000000000e+02 5.041916556772929603e-01 6.648089000000000359e-01
7.620000000000000000e+02 5.023923344337357655e-01 6.656050999999999496e-01
7.630000000000000000e+02 5.005973127603442485e-01 6.664012999999999742e-01
7.640000000000000000e+02 4.988065752644457174e-01 6.671974999999999989e-01
7.650000000000000000e+02 4.970202186802223920e-01 6.679936499999999944e-01
7.660000000000000000e+02 4.952381151746034771e-01 6.687897999999999898e-01
7.670000000000000000e+02 4.934601380554550776e-01 6.695860000000000145e-01
7.680000000000000000e+02 4.916863842745227142e-01 6.703822000000000392e-01
7.690000000000000000e+02 4.899169497943429707e-01 6.711783500000000346e-01
7.700000000000000000e+02 4.881517081377342304e-01 6.719745000000000301e-01
7.710000000000000000e+02 4.863905339516121362e-01 6.727707000000000548e-01
7.720000000000000000e+02 4.846335234109633294e-01 6.735668999999999684e-01
7.730000000000000000e+02 4.828807717148797529e-01 6.743630499999999639e-01
7.740000000000000000e+02 4.811321537201893594e-01 6.751591999999999594e-01
7.750000000000000000e+02 4.793875453913083451e-01 6.759553999999999840e-01
7.760000000000000000e+02 4.776470421348097961e-01 6.767516000000000087e-01
7.770000000000000000e+02 4.759107383944525260e-01 6.775477500000000042e-01
7.780000000000000000e+02 4.741785103396669587e-01 6.783438999999999997e-01
7.790000000000000000e+02 4.724502352312873743e-01 6.791401000000000243e-01
7.800000000000000000e+02 4.707260077157227052e-01 6.799363000000000490e-01
7.810000000000000000e+02 4.690058135905073033e-01 6.807324999999999626e-01
7.820000000000000000e+02 4.672896387195433210e-01 6.815286999999999873e-01
7.830000000000000000e+02 4.655775764285883245e-01 6.823248499999999828e-01
7.840000000000000000e+02 4.638695048168626212e-01 6.831209999999999782e-01
7.850000000000000000e+02 4.621653030513050986e-01 6.839172000000000029e-01
7.860000000000000000e+02 4.604650646533279268e-01 6.847134000000000276e-01
7.870000000000000000e+02 4.587688822132383049e-01 6.855095500000000230e-01
7.880000000000000000e+02 4.570766350913302301e-01 6.863057000000000185e-01
7.890000000000000000e+02 4.553882037002079386e-01 6.871019000000000432e-01
7.900000000000000000e+02 4.537036808213310568e-01 6.878980999999999568e-01
7.910000000000000000e+02 4.520231583173521805e-01 6.886942499999999523e-01
7.920000000000000000e+02 4.503465167897915400e-01 6.894903999999999478e-01
7.930000000000000000e+02 4.486736378773685807e-01 6.902865999999999724e-01
7.940000000000000000e+02 4.470046136295100503e-01 6.910827999999999971e-01
7.950000000000000000e+02 4.453394307386118189e-01 6.918790000000000218e-01
7.960000000000000000e+02 4.436780759582557021e-01 6.926752000000000464e-01
7.970000000000000000e+02 4.420206400740274155e-01 6.934713500000000419e-01
7.980000000000000000e+02 4.403670055130046723e-01 6.942675000000000374e-01
7.990000000000000000e+02 4.387170557173394325e-01 6.950636999999999510e-01
8.000000000000000000e+02 4.370708816530455287e-01 6.958598999999999757e-01
8.010000000000000000e+02 4.354285733971592354e-01 6.966560499999999712e-01
8.020000000000000000e+02 4.337900145701742982e-01 6.974521999999999666e-01
8.030000000000000000e+02 4.321550897932597834e-01 6.982483999999999913e-01
8.040000000000000000e+02 4.305238893197944616e-01 6.990446000000000160e-01
8.050000000000000000e+02 4.288965025257531760e-01 6.998407500000000114e-01
8.060000000000000000e+02 4.272728142066168910e-01 7.006369000000000069e-01
8.070000000000000000e+02 4.256527101444171901e-01 7.014331000000000316e-01
8.080000000000000000e+02 4.240362798874954819e-01 7.022292999999999452e-01
8.090000000000000000e+02 4.224235109537279875e-01 7.030254999999999699e-01
8.100000000000000000e+02 4.208143909174724140e-01 7.038216999999999945e-01
8.110000000000000000e+02 4.192090081169530524e-01 7.046178499999999900e-01
8.120000000000000000e+02 4.176072490764288769e-01 7.054139999999999855e-01
8.130000000000000000e+02 4.160090012860193642e-01 7.062102000000000102e-01
8.140000000000000000e+02 4.144143532505504268e-01 7.070064000000000348e-01
8.150000000000000000e+02 4.128233926255280295e-01 7.078025500000000303e-01
8.160000000000000000e+02 4.112360070657763433e-01 7.085987000000000258e-01
8.170000000000000000e+02 4.096520851785090400e-01 7.093949000000000504e-01
8.180000000000000000e+02 4.080717147821200097e-01 7.101910999999999641e-01
8.190000000000000000e+02 4.064949828565842527e-01 7.109872499999999595e-01
8.200000000000000000e+02 4.049217781701568430e-01 7.117833999999999550e-01
8.210000000000000000e+02 4.033519904302620418e-01 7.125795999999999797e-01
8.220000000000000000e+02 4.017857067761478884e-01 7.133758000000000044e-01
8.230000000000000000e+02 4.002229154881455919e-01 7.141720000000000290e-01
8.240000000000000000e+02 3.986636048987912684e-01 7.149682000000000537e-01
8.250000000000000000e+02 3.971078609880471788e-01 7.157643500000000492e-01
8.260000000000000000e+02 3.955555741629630528e-01 7.165605000000000446e-01
8.270000000000000000e+02 3.940066357503875238e-01 7.173566999999999583e-01
8.280000000000000000e+02 3.924611318843105323e-01 7.181528999999999829e-01
8.290000000000000000e+02 3.909191478867661829e-01 7.189490499999999784e-01
8.300000000000000000e+02 3.893805752369032813e-01 7.197451999999999739e-01
8.310000000000000000e+02 3.878453063210525187e-01 7.205413999999999985e-01
8.320000000000000000e+02 3.863134266118943838e-01 7.213376000000000232e-01
8.330000000000000000e+02 3.847850207804301981e-01 7.221337500000000187e-01
8.340000000000000000e+02 3.832599813619550488e-01 7.229299000000000142e-01
8.350000000000000000e+02 3.817382017865598165e-01 7.237261000000000388e-01
8.360000000000000000e+02 3.802197668726001734e-01 7.245222999999999525e-01
8.370000000000000000e+02 3.787047606468580963e-01 7.253184499999999479e-01
8.380000000000000000e+02 3.771930766851401273e-01 7.261146000000000544e-01
8.390000000000000000e+02 3.756846094458907714e-01 7.269107999999999681e-01
8.400000000000000000e+02 3.741794431000389221e-01 7.277069999999999927e-01
8.410000000000000000e+02 3.726775668246893325e-01 7.285032000000000174e-01
8.420000000000000000e+02 3.711789698442093943e-01 7.292994000000000421e-01
8.430000000000000000e+02 3.696837352316417746e-01 7.300955500000000375e-01
8.440000000000000000e+02 3.681917580949407576e-01 7.308917000000000330e-01
8.450000000000000000e+02 3.667029344068695185e-01 7.316878999999999467e-01
8.460000000000000000e+02 3.652173473799635861e-01 7.324840999999999713e-01
8.470000000000000000e+02 3.637350794597291603e-01 7.332802499999999668e-01
8.480000000000000000e+02 3.622560267568879500e-01 7.340763999999999623e-01
8.490000000000000000e+02 3.607800862353556237e-01 7.348725999999999869e-01
8.500000000000000000e+02 3.593073404771276458e-01 7.356688000000000116e-01
8.510000000000000000e+02 3.578378713067065231e-01 7.364649500000000071e-01
8.520000000000000000e+02 3.563715758230021624e-01 7.372611000000000026e-01
8.530000000000000000e+02 3.549083519667104447e-01 7.380573000000000272e-01
8.540000000000000000e+02 3.534482816958977036e-01 7.388535000000000519e-01
8.550000000000000000e+02 3.519913548264808068e-01 7.396496999999999655e-01
8.560000000000000000e+02 3.505375612181795830e-01 7.404458999999999902e-01
8.570000000000000000e+02 3.490869817760609006e-01 7.412420499999999857e-01
8.580000000000000000e+02 3.476395150546158774e-01 7.420381999999999811e-01
8.590000000000000000e+02 3.461950604333885462e-01 7.428344000000000058e-01
8.600000000000000000e+02 3.447536989467618884e-01 7.436306000000000305e-01
8.610000000000000000e+02 3.433155108947925083e-01 7.444267500000000259e-01
8.620000000000000000e+02 3.418803957849390063e-01 7.452229000000000214e-01
8.630000000000000000e+02 3.404482539388065110e-01 7.460191000000000461e-01
8.640000000000000000e+02 3.390191657830257110e-01 7.468152999999999597e-01
8.650000000000000000e+02 3.375932110189057145e-01 7.476114499999999552e-01
8.660000000000000000e+02 3.361702900932594940e-01 7.484075999999999507e-01
8.670000000000000000e+02 3.347503042563320097e-01 7.492037999999999753e-01
8.680000000000000000e+02 3.333333333333332593e-01 7.500000000000000000e-01
8.690000000000000000e+02 3.319193677325484870e-01 7.507962000000000247e-01
8.700000000000000000e+02 3.305083979029057595e-01 7.515924000000000493e-01
8.710000000000000000e+02 3.291005026591644622e-01 7.523885500000000448e-01
8.720000000000000000e+02 3.276955838322259673e-01 7.531847000000000403e-01
8.730000000000000000e+02 3.262935440407046528e-01 7.539808999999999539e-01
8.740000000000000000e+02 3.248944622193759013e-01 7.547770999999999786e-01
8.750000000000000000e+02 3.234984165995817840e-01 7.555732499999999741e-01
8.760000000000000000e+02 3.221053099186721447e-01 7.563693999999999695e-01
8.770000000000000000e+02 3.207150456914578118e-01 7.571655999999999942e-01
8.780000000000000000e+02 3.193277022667897480e-01 7.579618000000000189e-01
8.790000000000000000e+02 3.179433572985956857e-01 7.587579500000000143e-01
8.800000000000000000e+02 3.165619144179458999e-01 7.595541000000000098e-01
8.810000000000000000e+02 3.151832780233005948e-01 7.603503000000000345e-01
8.820000000000000000e+02 3.138075258836505732e-01 7.611464999999999481e-01
8.830000000000000000e+02 3.124346489571985241e-01 7.619426999999999728e-01
8.840000000000000000e+02 3.110646382399009369e-01 7.627388999999999974e-01
8.850000000000000000e+02 3.096975705306521665e-01 7.635350499999999929e-01
8.860000000000000000e+02 3.083333507777781257e-01 7.643311999999999884e-01
8.870000000000000000e+02 3.069718846822111491e-01 7.651274000000000131e-01
8.880000000000000000e+02 3.056132491543541718e-01 7.659236000000000377e-01
8.890000000000000000e+02 3.042575204303787917e-01 7.667197500000000332e-01
8.900000000000000000e+02 3.029046043215521955e-01 7.675159000000000287e-01
8.910000000000000000e+02 3.015544073821041504e-01 7.683121000000000533e-01
8.920000000000000000e+02 3.002070059574184491e-01 7.691082999999999670e-01
8.930000000000000000e+02 2.988624757266957754e-01 7.699044499999999625e-01
8.940000000000000000e+02 2.975207233522330075e-01 7.707005999999999579e-01
8.950000000000000000e+02 2.961816562298120736e-01 7.714967999999999826e-01
8.960000000000000000e+02 2.948453501456054227e-01 7.722930000000000073e-01
8.970000000000000000e+02 2.935117965688822661e-01 7.730892000000000319e-01
8.980000000000000000e+02 2.921809870040190660e-01 7.738853999999999456e-01
8.990000000000000000e+02 2.908529963053849698e-01 7.746815500000000521e-01
9.000000000000000000e+02 2.895277323899836386e-01 7.754777000000000475e-01
9.010000000000000000e+02 2.882051038943858057e-01 7.762738999999999612e-01
9.020000000000000000e+02 2.868851857766758773e-01 7.770700999999999858e-01
9.030000000000000000e+02 2.855680523483310473e-01 7.778662499999999813e-01
9.040000000000000000e+02 2.842536123485608357e-01 7.786623999999999768e-01
9.050000000000000000e+02 2.829417752270615427e-01 7.794586000000000015e-01
9.060000000000000000e+02 2.816326153969190838e-01 7.802548000000000261e-01
9.070000000000000000e+02 2.803262066322305124e-01 7.810509500000000216e-01
9.080000000000000000e+02 2.790224584832508015e-01 7.818471000000000171e-01
9.090000000000000000e+02 2.777212812017939569e-01 7.826433000000000417e-01
9.100000000000000000e+02 2.764227486615111751e-01 7.834394999999999554e-01
9.110000000000000000e+02 2.751269341045641248e-01 7.842356499999999508e-01
9.120000000000000000e+02 2.738337478812959969e-01 7.850317999999999463e-01
9.130000000000000000e+02 2.725431010348320360e-01 7.858279999999999710e-01
9.140000000000000000e+02 2.712550669048829910e-01 7.866241999999999956e-01
9.150000000000000000e+02 2.699696375659050851e-01 7.874204000000000203e-01
9.160000000000000000e+02 2.686868051243782585e-01 7.882166000000000450e-01
9.170000000000000000e+02 2.674066420346186135e-01 7.890127500000000405e-01
9.180000000000000000e+02 2.661290598270036334e-01 7.898089000000000359e-01
9.190000000000000000e+02 2.648539707118005015e-01 7.906050999999999496e-01
9.200000000000000000e+02 2.635814472379562901e-01 7.914012999999999742e-01
9.210000000000000000e+02 2.623115613411783897e-01 7.921974499999999697e-01
9.220000000000000000e+02 2.610442253253999478e-01 7.929935999999999652e-01
9.230000000000000000e+02 2.597793521660267668e-01 7.937897999999999898e-01
9.240000000000000000e+02 2.585170138915107163e-01 7.945860000000000145e-01
9.250000000000000000e+02 2.572572819241669695e-01 7.953821500000000100e-01
9.260000000000000000e+02 2.560000693312038944e-01 7.961783000000000055e-01
9.270000000000000000e+02 2.547452898430251356e-01 7.969745000000000301e-01
9.280000000000000000e+02 2.534930149728487070e-01 7.977707000000000548e-01
9.290000000000000000e+02 2.522432372290912550e-01 7.985668999999999684e-01
9.300000000000000000e+02 2.509959491500171058e-01 7.993630999999999931e-01
9.310000000000000000e+02 2.497512213974906192e-01 8.001592499999999886e-01
9.320000000000000000e+02 2.485089681647691950e-01 8.009553999999999840e-01
9.330000000000000000e+02 2.472691042961436825e-01 8.017516000000000087e-01
9.340000000000000000e+02 2.460317005416998715e-01 8.025478000000000334e-01
9.350000000000000000e+02 2.447968270626796894e-01 8.033439500000000288e-01
9.360000000000000000e+02 2.435643987907081254e-01 8.041401000000000243e-01
9.370000000000000000e+02 2.423343313005015265e-01 8.049363000000000490e-01
9.380000000000000000e+02 2.411066948397886378e-01 8.057324999999999626e-01
9.390000000000000000e+02 2.398815590741878445e-01 8.065286499999999581e-01
9.400000000000000000e+02 2.386588396640361154e-01 8.073247999999999536e-01
9.410000000000000000e+02 2.374384529049486936e-01 8.081209999999999782e-01
9.420000000000000000e+02 2.362204685473370258e-01 8.089172000000000029e-01
9.430000000000000000e+02 2.350048795042789518e-01 8.097134000000000276e-01
9.440000000000000000e+02 2.337916787166987032e-01 8.105096000000000522e-01
9.450000000000000000e+02 2.325809351160150751e-01 8.113057500000000477e-01
9.460000000000000000e+02 2.313725654379086283e-01 8.121019000000000432e-01
9.470000000000000000e+02 2.301664870418569375e-01 8.128980999999999568e-01
9.480000000000000000e+02 2.289627689416038336e-01 8.136942999999999815e-01
9.490000000000000000e+02 2.277614795851812257e-01 8.144904499999999770e-01
9.500000000000000000e+02 2.265625364135752662e-01 8.152865999999999724e-01
9.510000000000000000e+02 2.253658574840691209e-01 8.160827999999999971e-01
9.520000000000000000e+02 2.241715113254227898e-01 8.168790000000000218e-01
9.530000000000000000e+02 2.229795659070719083e-01 8.176751500000000172e-01
9.540000000000000000e+02 2.217899393662305929e-01 8.184713000000000127e-01
9.550000000000000000e+02 2.206025504490292111e-01 8.192675000000000374e-01
9.560000000000000000e+02 2.194174672040720697e-01 8.200636999999999510e-01
9.570000000000000000e+02 2.182346829221406548e-01 8.208598999999999757e-01
9.580000000000000000e+02 2.170541909200212061e-01 8.216561000000000003e-01
9.590000000000000000e+02 2.158760584581049802e-01 8.224522499999999958e-01
9.600000000000000000e+02 2.147002047012784853e-01 8.232483999999999913e-01
9.610000000000000000e+02 2.135265494124953811e-01 8.240446000000000160e-01
9.620000000000000000e+02 2.123551599290431913e-01 8.248408000000000406e-01
9.630000000000000000e+02 2.111861030444432963e-01 8.256369500000000361e-01
9.640000000000000000e+02 2.100192985977933358e-01 8.264331000000000316e-01
9.650000000000000000e+02 2.088546670191686605e-01 8.272292999999999452e-01
9.660000000000000000e+02 2.076922751775156506e-01 8.280254999999999699e-01
9.670000000000000000e+02 2.065321894040774708e-01 8.288216499999999654e-01
9.680000000000000000e+02 2.053743302036190599e-01 8.296177999999999608e-01
9.690000000000000000e+02 2.042186186649068702e-01 8.304139999999999855e-01
9.700000000000000000e+02 2.030651211931711053e-01 8.312102000000000102e-01
9.710000000000000000e+02 2.019139036619130856e-01 8.320063500000000056e-01
9.720000000000000000e+02 2.007648872331675438e-01 8.328025000000000011e-01
9.730000000000000000e+02 1.996179936461033311e-01 8.335987000000000258e-01
9.740000000000000000e+02 1.984732888468037082e-01 8.343949000000000504e-01
9.750000000000000000e+02 1.973307665754580054e-01 8.351910999999999641e-01
9.760000000000000000e+02 1.961904205961024772e-01 8.359872999999999887e-01
9.770000000000000000e+02 1.950523161040051967e-01 8.367834499999999842e-01
9.780000000000000000e+02 1.939163752316794831e-01 8.375795999999999797e-01
9.790000000000000000e+02 1.927825206786741852e-01 8.383758000000000044e-01
9.800000000000000000e+02 1.916508177107911770e-01 8.391720000000000290e-01
9.810000000000000000e+02 1.905213310766604717e-01 8.399681500000000245e-01
9.820000000000000000e+02 1.893939835456857068e-01 8.407643000000000200e-01
9.830000000000000000e+02 1.882686984477051073e-01 8.415605000000000446e-01
9.840000000000000000e+02 1.871455406005555488e-01 8.423566999999999583e-01
9.850000000000000000e+02 1.860245743105772842e-01 8.431528499999999537e-01
9.860000000000000000e+02 1.849057229761514876e-01 8.439489999999999492e-01
9.870000000000000000e+02 1.837889105495953412e-01 8.447451999999999739e-01
9.880000000000000000e+02 1.826742014051587759e-01 8.455413999999999985e-01
9.890000000000000000e+02 1.815615896067952484e-01 8.463376000000000232e-01
9.900000000000000000e+02 1.804510692407739203e-01 8.471338000000000479e-01
9.910000000000000000e+02 1.793427039580333116e-01 8.479299500000000434e-01
9.920000000000000000e+02 1.782364180858817537e-01 8.487261000000000388e-01
9.930000000000000000e+02 1.771321364960050104e-01 8.495222999999999525e-01
9.940000000000000000e+02 1.760299229053583492e-01 8.503184999999999771e-01
9.950000000000000000e+02 1.749298405332349038e-01 8.511146499999999726e-01
9.960000000000000000e+02 1.738318143167101315e-01 8.519107999999999681e-01
9.970000000000000000e+02 1.727357697309861440e-01 8.527069999999999927e-01
9.980000000000000000e+02 1.716417700601473584e-01 8.535032000000000174e-01
9.990000000000000000e+02 1.705498780960092997e-01 8.542993500000000129e-01
1.000000000000000000e+03 1.694600193779525199e-01 8.550955000000000084e-01
1.001000000000000000e+03 1.683721199773289268e-01 8.558917000000000330e-01
1.002000000000000000e+03 1.672862427495473980e-01 8.566878999999999467e-01
1.003000000000000000e+03 1.662023820616616021e-01 8.574840999999999713e-01
1.004000000000000000e+03 1.651205323016269322e-01 8.582802999999999960e-01
1.005000000000000000e+03 1.640407556277441170e-01 8.590764499999999915e-01
1.006000000000000000e+03 1.629629784691359884e-01 8.598725999999999869e-01
1.007000000000000000e+03 1.618871277778397566e-01 8.606688000000000116e-01
1.008000000000000000e+03 1.608132657740011240e-01 8.614650000000000363e-01
1.009000000000000000e+03 1.597414541986497127e-01 8.622611500000000317e-01
1.010000000000000000e+03 1.586716200650872821e-01 8.630573000000000272e-01
1.011000000000000000e+03 1.576036909036080402e-01 8.638535000000000519e-01
1.012000000000000000e+03 1.565377285159528231e-01 8.646496999999999655e-01
1.013000000000000000e+03 1.554737942298758391e-01 8.654458499999999610e-01
1.014000000000000000e+03 1.544118156358154081e-01 8.662419999999999565e-01
1.015000000000000000e+03 1.533517208353680772e-01 8.670381999999999811e-01
1.016000000000000000e+03 1.522935712158910437e-01 8.678344000000000058e-01
1.017000000000000000e+03 1.512373614284368006e-01 8.686306000000000305e-01
1.018000000000000000e+03 1.501830861436521669e-01 8.694268000000000551e-01
1.019000000000000000e+03 1.491308060767644328e-01 8.702229500000000506e-01
1.020000000000000000e+03 1.480804496709657858e-01 8.710191000000000461e-01
1.021000000000000000e+03 1.470319458720212857e-01 8.718152999999999597e-01
1.022000000000000000e+03 1.459853554531427289e-01 8.726114999999999844e-01
1.023000000000000000e+03 1.449407387260690516e-01 8.734076499999999799e-01
1.024000000000000000e+03 1.438980246940131380e-01 8.742037999999999753e-01
1.025000000000000000e+03 1.428571428571427937e-01 8.750000000000000000e-01
1.026000000000000000e+03 1.418181535841329666e-01 8.757962000000000247e-01
1.027000000000000000e+03 1.407811167870676172e-01 8.765923500000000201e-01
1.028000000000000000e+03 1.397459620225247612e-01 8.773885000000000156e-01
1.029000000000000000e+03 1.387126193385057604e-01 8.781847000000000403e-01
1.030000000000000000e+03 1.376811487030036307e-01 8.789808999999999539e-01
1.031000000000000000e+03 1.366516096322358820e-01 8.797770499999999494e-01
1.032000000000000000e+03 1.356239322295977878e-01 8.805731999999999449e-01
1.033000000000000000e+03 1.345980470844574395e-01 8.813693999999999695e-01
1.034000000000000000e+03 1.335740137679366502e-01 8.821655999999999942e-01
1.035000000000000000e+03 1.325518272704435674e-01 8.829618000000000189e-01
1.036000000000000000e+03 1.315314826004403415e-01 8.837580000000000435e-01
1.037000000000000000e+03 1.305130386873432080e-01 8.845541500000000390e-01
1.038000000000000000e+03 1.294964264427311829e-01 8.853503000000000345e-01
1.039000000000000000e+03 1.284815772561309632e-01 8.861464999999999481e-01
1.040000000000000000e+03 1.274685501103960394e-01 8.869426999999999728e-01
1.041000000000000000e+03 1.264574035483521097e-01 8.877388499999999683e-01
1.042000000000000000e+03 1.254480690124757380e-01 8.885349999999999637e-01
1.043000000000000000e+03 1.244404784179391488e-01 8.893311999999999884e-01
1.044000000000000000e+03 1.234346903600540557e-01 8.901274000000000131e-01
1.045000000000000000e+03 1.224307629986882695e-01 8.909235500000000085e-01
1.046000000000000000e+03 1.214286283010233003e-01 8.917197000000000040e-01
1.047000000000000000e+03 1.204282187017620132e-01 8.925159000000000287e-01
1.048000000000000000e+03 1.194295924123269792e-01 8.933121000000000533e-01
1.049000000000000000e+03 1.184327446686268548e-01 8.941082999999999670e-01
1.050000000000000000e+03 1.174376707235240680e-01 8.949044999999999916e-01
1.051000000000000000e+03 1.164444281691656702e-01 8.957006499999999871e-01
1.052000000000000000e+03 1.154529497483984812e-01 8.964967999999999826e-01
1.053000000000000000e+03 1.144631686639703272e-01 8.972930000000000073e-01
1.054000000000000000e+03 1.134751425582225526e-01 8.980892000000000319e-01
1.055000000000000000e+03 1.124889286492432028e-01 8.988853500000000274e-01
1.056000000000000000e+03 1.115044601895225362e-01 8.996815000000000229e-01
1.057000000000000000e+03 1.105216708864638075e-01 9.004777000000000475e-01
1.058000000000000000e+03 1.095406180074669500e-01 9.012738999999999612e-01
1.059000000000000000e+03 1.085613584000488796e-01 9.020700499999999566e-01
1.060000000000000000e+03 1.075838258204815379e-01 9.028661999999999521e-01
1.061000000000000000e+03 1.066079544750340169e-01 9.036623999999999768e-01
1.062000000000000000e+03 1.056338012596707010e-01 9.044586000000000015e-01
1.063000000000000000e+03 1.046613616409435288e-01 9.052548000000000261e-01
1.064000000000000000e+03 1.036906311013396920e-01 9.060510000000000508e-01
1.065000000000000000e+03 1.027216659389622588e-01 9.068471500000000463e-01
1.066000000000000000e+03 1.017544006549708779e-01 9.076433000000000417e-01
1.067000000000000000e+03 1.007887701932821400e-01 9.084394999999999554e-01
1.068000000000000000e+03 9.982483089918270380e-02 9.092356999999999800e-01
1.069000000000000000e+03 9.886263870874412163e-02 9.100318499999999755e-01
1.070000000000000000e+03 9.790212861264691036e-02 9.108279999999999710e-01
1.071000000000000000e+03 9.694323603958743263e-02 9.116241999999999956e-01
1.072000000000000000e+03 9.598601697200104255e-02 9.124204000000000203e-01
1.073000000000000000e+03 9.503052698727376679e-02 9.132165500000000158e-01
1.074000000000000000e+03 9.407670156005498718e-02 9.140127000000000113e-01
1.075000000000000000e+03 9.312447659833655855e-02 9.148089000000000359e-01
1.076000000000000000e+03 9.217390772506628416e-02 9.156050999999999496e-01
1.077000000000000000e+03 9.122499062364930467e-02 9.164012999999999742e-01
1.078000000000000000e+03 9.027772099247988180e-02 9.171974999999999989e-01
1.079000000000000000e+03 8.933215387709925182e-02 9.179936499999999944e-01
1.080000000000000000e+03 8.838822546789271151e-02 9.187897999999999898e-01
1.081000000000000000e+03 8.744587238170220544e-02 9.195860000000000145e-01
1.082000000000000000e+03 8.650514970845812890e-02 9.203822000000000392e-01
1.083000000000000000e+03 8.556611214321296899e-02 9.211783500000000346e-01
1.084000000000000000e+03 8.462869634680791897e-02 9.219745000000000301e-01
1.085000000000000000e+03 8.369283940203131600e-02 9.227707000000000548e-01
1.086000000000000000e+03 8.275859604756297117e-02 9.235668999999999684e-01
1.087000000000000000e+03 8.182602063117960789e-02 9.243630499999999639e-01
1.088000000000000000e+03 8.089505027891430444e-02 9.251591999999999594e-01
1.089000000000000000e+03 7.996562253430350431e-02 9.259553999999999840e-01
1.090000000000000000e+03 7.903779178800451888e-02 9.267516000000000087e-01
1.091000000000000000e+03 7.811161204369265754e-02 9.275477500000000042e-01
1.092000000000000000e+03 7.718702088741036249e-02 9.283438999999999997e-01
1.093000000000000000e+03 7.626395631832050270e-02 9.291401000000000243e-01
1.094000000000000000e+03 7.534247238224800469e-02 9.299363000000000490e-01
1.095000000000000000e+03 7.442256502271060725e-02 9.307324999999999626e-01
1.096000000000000000e+03 7.350423019709428907e-02 9.315286999999999873e-01
1.097000000000000000e+03 7.258752139879143250e-02 9.323248499999999828e-01
1.098000000000000000e+03 7.167237689431482650e-02 9.331209999999999782e-01
1.099000000000000000e+03 7.075873535683885329e-02 9.339172000000000029e-01
1.100000000000000000e+03 6.984665032083636760e-02 9.347134000000000276e-01
1.101000000000000000e+03 6.893617494337700435e-02 9.355095500000000230e-01
1.102000000000000000e+03 6.802724793836034678e-02 9.363057000000000185e-01
1.103000000000000000e+03 6.711980842211495712e-02 9.371019000000000432e-01
1.104000000000000000e+03 6.621390959209749738e-02 9.378980999999999568e-01
1.105000000000000000e+03 6.530960427210463770e-02 9.386942499999999523e-01
1.106000000000000000e+03 6.440683161850313532e-02 9.394903999999999478e-01
1.107000000000000000e+03 6.350553118591717450e-02 9.402865999999999724e-01
1.108000000000000000e+03 6.260575583784966369e-02 9.410827999999999971e-01
1.109000000000000000e+03 6.170750170669481172e-02 9.418790000000000218e-01
1.110000000000000000e+03 6.081076493791282012e-02 9.426752000000000464e-01
1.111000000000000000e+03 5.991559786102662599e-02 9.434713500000000419e-01
1.112000000000000000e+03 5.902194028704776940e-02 9.442675000000000374e-01
1.113000000000000000e+03 5.812973241909524802e-02 9.450636999999999510e-01
1.114000000000000000e+03 5.723902662540192310e-02 9.458598999999999757e-01
1.115000000000000000e+03 5.634987490968867974e-02 9.466560499999999712e-01
1.116000000000000000e+03 5.546221751345359330e-02 9.474521999999999666e-01
1.117000000000000000e+03 5.457599506627164310e-02 9.482483999999999913e-01
1.118000000000000000e+03 5.369125960992771063e-02 9.490446000000000160e-01
1.119000000000000000e+03 5.280806282526828710e-02 9.498407500000000114e-01
1.120000000000000000e+03 5.192634537960816310e-02 9.506369000000000069e-01
1.121000000000000000e+03 5.104604832436465678e-02 9.514331000000000316e-01
1.122000000000000000e+03 5.016722337781454044e-02 9.522292999999999452e-01
1.123000000000000000e+03 4.928986685036229609e-02 9.530254999999999699e-01
1.124000000000000000e+03 4.841397506473166246e-02 9.538216999999999945e-01
1.125000000000000000e+03 4.753959922287220863e-02 9.546178499999999900e-01
1.126000000000000000e+03 4.666668062222245617e-02 9.554139999999999855e-01
1.127000000000000000e+03 4.579516093846303093e-02 9.562102000000000102e-01
1.128000000000000000e+03 4.492509141004696893e-02 9.570064000000000348e-01
1.129000000000000000e+03 4.405652292322659314e-02 9.578025500000000303e-01
1.130000000000000000e+03 4.318939718987713228e-02 9.585987000000000258e-01
1.131000000000000000e+03 4.232365629627588000e-02 9.593949000000000504e-01
1.132000000000000000e+03 4.145935116457555303e-02 9.601910999999999641e-01
1.133000000000000000e+03 4.059653236814542154e-02 9.609872499999999595e-01
1.134000000000000000e+03 3.973514202886008206e-02 9.617833999999999550e-01
1.135000000000000000e+03 3.887512263920833711e-02 9.625795999999999797e-01
1.136000000000000000e+03 3.801652480786832378e-02 9.633758000000000044e-01
1.137000000000000000e+03 3.715934501313045146e-02 9.641720000000000290e-01
1.138000000000000000e+03 3.630357974490761030e-02 9.649682000000000537e-01
1.139000000000000000e+03 3.544927911244588614e-02 9.657643500000000492e-01
1.140000000000000000e+03 3.459638584444535425e-02 9.665605000000000446e-01
1.141000000000000000e+03 3.374484303463254342e-02 9.673566999999999583e-01
1.142000000000000000e+03 3.289470082669798678e-02 9.681528999999999829e-01
1.143000000000000000e+03 3.204600902390075667e-02 9.689490499999999784e-01
1.144000000000000000e+03 3.119871075412383732e-02 9.697451999999999739e-01
1.145000000000000000e+03 3.035274950661559501e-02 9.705413999999999985e-01
1.146000000000000000e+03 2.950817511851688835e-02 9.713376000000000232e-01
1.147000000000000000e+03 2.866503708980361331e-02 9.721337500000000187e-01
1.148000000000000000e+03 2.782327894332370377e-02 9.729299000000000142e-01
1.149000000000000000e+03 2.698284455967647766e-02 9.737261000000000388e-01
1.150000000000000000e+03 2.614378347216894660e-02 9.745222999999999525e-01
1.151000000000000000e+03 2.530614488016724728e-02 9.753184499999999479e-01
1.152000000000000000e+03 2.446987269732470160e-02 9.761146000000000544e-01
1.153000000000000000e+03 2.363491119148242170e-02 9.769107999999999681e-01
1.154000000000000000e+03 2.280130959479675923e-02 9.777069999999999927e-01
1.155000000000000000e+03 2.196906458762737380e-02 9.785032000000000174e-01
1.156000000000000000e+03 2.113817286112906757e-02 9.792994000000000421e-01
1.157000000000000000e+03 2.030868316869716139e-02 9.800955500000000375e-01
1.158000000000000000e+03 1.948054000253041096e-02 9.808917000000000330e-01
1.159000000000000000e+03 1.865368820375601366e-02 9.816878999999999467e-01
1.160000000000000000e+03 1.782817655776813837e-02 9.824840999999999713e-01
1.161000000000000000e+03 1.700405352390643721e-02 9.832802499999999668e-01
1.162000000000000000e+03 1.618126397503294456e-02 9.840763999999999623e-01
1.163000000000000000e+03 1.535975312949111604e-02 9.848725999999999869e-01
1.164000000000000000e+03 1.453956947810453038e-02 9.856688000000000116e-01
1.165000000000000000e+03 1.372076118872755934e-02 9.864649500000000071e-01
1.166000000000000000e+03 1.290327351092845909e-02 9.872611000000000026e-01
1.167000000000000000e+03 1.208705203635451753e-02 9.880573000000000272e-01
1.168000000000000000e+03 1.127214496383932563e-02 9.888535000000000519e-01
1.169000000000000000e+03 1.045854912096677580e-02 9.896496999999999655e-01
1.170000000000000000e+03 9.646261345521267572e-03 9.904458999999999902e-01
1.171000000000000000e+03 8.835329372881339793e-03 9.912420499999999857e-01
1.172000000000000000e+03 8.025699010380860088e-03 9.920381999999999811e-01
1.173000000000000000e+03 7.217316402413187504e-03 9.928344000000000058e-01
1.174000000000000000e+03 6.410229314596449512e-03 9.936306000000000305e-01
1.175000000000000000e+03 5.604485197124864371e-03 9.944267500000000259e-01
1.176000000000000000e+03 4.800030224384910227e-03 9.952229000000000214e-01
1.177000000000000000e+03 3.996810904529857211e-03 9.960191000000000461e-01
1.178000000000000000e+03 3.194874717513007667e-03 9.968152999999999597e-01
1.179000000000000000e+03 2.394268830815837745e-03 9.976114499999999552e-01
1.180000000000000000e+03 1.594939782109117132e-03 9.984075999999999507e-01
1.181000000000000000e+03 1.515041879603273856e-03 9.984872500000000484e-01
1.182000000000000000e+03 1.435156723099906273e-03 9.985669000000000350e-01
1.183000000000000000e+03 1.355334445171552105e-03 9.986464999999999925e-01
1.184000000000000000e+03 1.275524891158896779e-03 9.987260999999999500e-01
1.185000000000000000e+03 1.195677938377937011e-03 9.988057500000000477e-01
1.186000000000000000e+03 1.115843719409648216e-03 9.988854000000000344e-01
1.187000000000000000e+03 1.036072334866577904e-03 9.989649999999999919e-01
1.188000000000000000e+03 9.563136620727163972e-04 9.990445999999999493e-01
1.189000000000000000e+03 8.765676979898273657e-04 9.991242000000000179e-01
1.190000000000000000e+03 7.968344395807847036e-04 9.992037999999999753e-01
1.191000000000000000e+03 7.170638120745920219e-04 9.992834499999999620e-01
1.192000000000000000e+03 6.373059001278935654e-04 9.993630999999999487e-01
1.193000000000000000e+03 5.576107564746468626e-04 9.994427000000000172e-01
1.194000000000000000e+03 4.779283063520711750e-04 9.995222999999999747e-01
1.195000000000000000e+03 3.982585467274812885e-04 9.996019000000000432e-01
1.196000000000000000e+03 3.186014745697463013e-04 9.996815000000000007e-01
1.197000000000000000e+03 2.389070629520428923e-04 9.997611499999999873e-01
1.198000000000000000e+03 1.592253486755179637e-04 9.998407999999999740e-01
1.199000000000000000e+03 7.960633666437288980e-05 9.999204000000000425e-01
1.200000000000000000e+03 0.000000000000000000e+00 1.000000000000000000e+00
